{
    "_target": [
        0.0,
        0.0,
        55.94
    ],
    "_radius": 352.0,
    "_elevation": 27.0,
    "camera_type": "perspective",
    "render_height": 1024,
    "render_width": 1024,
    "fps": 24,
    "camera_path": [
        {
            "camera_to_world": [
                0.0,
                -0.4539904997395468,
                0.8910065241883679,
                313.63429651430545,
                1.0,
                0.0,
                -0.0,
                0.0,
                -0.0,
                0.8910065241883679,
                0.4539904997395468,
                215.74465590832045,
                0.0,
                0.0,
                0.0,
                1.0
            ],
            "fov": 20.0,
            "aspect": 1
        },
        {
            "camera_to_world": [
                -0.02617694830787314,
                -0.45383492853395174,
                0.8907011985059131,
                313.5268218740814,
                0.9996573249755573,
                -0.011884085843947609,
                0.02332383172565663,
                8.209988767431133,
                0.0,
                0.8910065241883679,
                0.45399049973954675,
                215.74465590832045,
                0.0,
                0.0,
                0.0,
                1.0
            ],
            "fov": 20.0,
            "aspect": 1
        },
        {
            "camera_to_world": [
                -0.05233595624294382,
                -0.45336832153790013,
                0.8897854307135198,
                313.2044716111589,
                0.9986295347545738,
                -0.023760026929081125,
                0.04663167846209989,
                16.41435081865916,
                0.0,
                0.8910065241883679,
                0.4539904997395468,
                215.74465590832045,
                0.0,
                0.0,
                0.0,
                1.0
            ],
            "fov": 20.0,
            "aspect": 1
        },
        {
            "camera_to_world": [
                -0.07845909572784494,
                -0.4525909985405194,
                0.8882598484326895,
                312.66746664830663,
                0.9969173337331281,
                -0.035619684078597266,
                0.06990756617542954,
                24.607463293751195,
                0.0,
                0.891006524188368,
                0.4539904997395468,
                215.74465590832045,
                0.0,
                0.0,
                0.0,
                1.0
            ],
            "fov": 20.0,
            "aspect": 1
        },
        {
            "camera_to_world": [
                -0.10452846326765347,
                -0.45150349228016373,
                0.8861254972213128,
                311.91617502190206,
                0.9945218953682734,
                -0.04745492927588886,
                0.0931355427348634,
                32.78371104267191,
                0.0,
                0.8910065241883679,
                0.4539904997395468,
                215.74465590832045,
                0.0,
                0.0,
                0.0,
                1.0
            ],
            "fov": 20.0,
            "aspect": 1
        },
        {
            "camera_to_world": [
                -0.1305261922200516,
                -0.45010654807930206,
                0.883383839857097,
                310.951111629698,
                0.9914448613738104,
                -0.05925765123508139,
                0.11629968884553096,
                40.93749047362688,
                0.0,
                0.8910065241883678,
                0.45399049973954697,
                215.74465590832045,
                0.0,
                0.0,
                0.0,
                1.0
            ],
            "fov": 20.0,
            "aspect": 1
        },
        {
            "camera_to_world": [
                -0.15643446504023087,
                -0.44840112333371035,
                0.8800367553350504,
                309.7729378779377,
                0.9876883405951378,
                -0.0710197609601031,
                0.13938412895876284,
                49.06321339348452,
                0.0,
                0.8910065241883679,
                0.4539904997395468,
                215.74465590832045,
                0.0,
                0.0,
                0.0,
                1.0
            ],
            "fov": 20.0,
            "aspect": 1
        },
        {
            "camera_to_world": [
                -0.18223552549214742,
                -0.4463883868563216,
                0.8760865375797141,
                308.38246122805936,
                0.9832549075639545,
                -0.08273319728847893,
                0.16237304215239898,
                57.15531083764444,
                0.0,
                0.8910065241883679,
                0.45399049973954675,
                215.74465590832045,
                0.0,
                0.0,
                0.0,
                1.0
            ],
            "fov": 20.0,
            "aspect": 1
        },
        {
            "camera_to_world": [
                -0.20791169081775934,
                -0.4440697180761791,
                0.8715358938730196,
                306.78063464330285,
                0.9781476007338057,
                -0.0943899324160487,
                0.18525067297365833,
                65.20823688672772,
                0.0,
                0.8910065241883679,
                0.4539904997395468,
                215.74465590832045,
                0.0,
                0.0,
                0.0,
                1.0
            ],
            "fov": 20.0,
            "aspect": 1
        },
        {
            "camera_to_world": [
                -0.23344536385590542,
                -0.44144670609304454,
                0.8663879429988537,
                304.9685559355965,
                0.9723699203976766,
                -0.10598197739882284,
                0.20800134223713912,
                73.21647246747297,
                0.0,
                0.8910065241883679,
                0.45399049973954675,
                215.74465590832045,
                0.0,
                0.0,
                0.0,
                1.0
            ],
            "fov": 20.0,
            "aspect": 1
        },
        {
            "camera_to_world": [
                -0.25881904510252074,
                -0.4385211485883088,
                0.8606462131056,
                302.94746701317115,
                0.9659258262890683,
                -0.1175013876282057,
                0.23060945777054942,
                81.17452913523339,
                0.0,
                0.8910065241883679,
                0.4539904997395468,
                215.74465590832045,
                0.0,
                0.0,
                0.0,
                1.0
            ],
            "fov": 20.0,
            "aspect": 1
        },
        {
            "camera_to_world": [
                -0.2840153447039225,
                -0.43529505059295076,
                0.8543146392881211,
                300.7187530294186,
                0.958819734868193,
                -0.12894026827583344,
                0.25305952510080315,
                89.07695283548271,
                0.0,
                0.8910065241883679,
                0.45399049973954675,
                215.74465590832045,
                0.0,
                0.0,
                0.0,
                1.0
            ],
            "fov": 20.0,
            "aspect": 1
        },
        {
            "camera_to_world": [
                -0.3090169943749474,
                -0.43177062311338926,
                0.8473975608908426,
                298.28394143357656,
                0.9510565162951535,
                -0.14029077970429513,
                0.2753361580731583,
                96.91832764175172,
                0.0,
                0.8910065241883679,
                0.4539904997395468,
                215.74465590832045,
                0.0,
                0.0,
                0.0,
                1.0
            ],
            "fov": 20.0,
            "aspect": 1
        },
        {
            "camera_to_world": [
                -0.333806859233771,
                -0.42795028161616966,
                0.8398997185337821,
                295.64470092389126,
                0.9426414910921783,
                -0.1515451428400283,
                0.2974240893961181,
                104.69327946743354,
                0.0,
                0.8910065241883679,
                0.4539904997395468,
                215.74465590832045,
                0.0,
                0.0,
                0.0,
                1.0
            ],
            "fov": 20.0,
            "aspect": 1
        },
        {
            "camera_to_world": [
                -0.3583679495453003,
                -0.42383664437252394,
                0.8318262508635657,
                292.8028403039751,
                0.9335804264972017,
                -0.1626956445047076,
                0.3193081811048704,
                112.39647974891437,
                0.0,
                0.8910065241883679,
                0.4539904997395468,
                215.74465590832045,
                0.0,
                0.0,
                0.0,
                1.0
            ],
            "fov": 20.0,
            "aspect": 1
        },
        {
            "camera_to_world": [
                -0.3826834323650897,
                -0.4194325306639381,
                0.8231826910316558,
                289.76030724314273,
                0.9238795325112867,
                -0.1737346427014722,
                0.34097343493609295,
                120.02264909750468,
                0.0,
                0.8910065241883678,
                0.4539904997395469,
                215.74465590832045,
                0.0,
                0.0,
                0.0,
                1.0
            ],
            "fov": 20.0,
            "aspect": 1
        },
        {
            "camera_to_world": [
                -0.40673664307580026,
                -0.41474095884995743,
                0.8139749629022056,
                286.5191869415763,
                0.9135454576426009,
                -0.18465457185236828,
                0.3624050026070135,
                127.56656091766874,
                0.0,
                0.8910065241883679,
                0.4539904997395468,
                215.74465590832045,
                0.0,
                0.0,
                0.0,
                1.0
            ],
            "fov": 20.0,
            "aspect": 1
        },
        {
            "camera_to_world": [
                -0.43051109680829525,
                -0.4097651442995543,
                0.8042093769921389,
                283.08170070123276,
                0.9025852843498605,
                -0.19544794798341844,
                0.3835881959916811,
                135.02304498907168,
                0.0,
                0.8910065241883678,
                0.45399049973954697,
                215.74465590832045,
                0.0,
                0.0,
                0.0,
                1.0
            ],
            "fov": 20.0,
            "aspect": 1
        },
        {
            "camera_to_world": [
                -0.4539904997395468,
                -0.4045084971874738,
                0.7938926261462365,
                279.4502044034752,
                0.8910065241883678,
                -0.20610737385376351,
                0.40450849718747367,
                142.3869910099907,
                0.0,
                0.8910065241883679,
                0.4539904997395468,
                215.74465590832045,
                0.0,
                0.0,
                0.0,
                1.0
            ],
            "fov": 20.0,
            "aspect": 1
        },
        {
            "camera_to_world": [
                -0.4771587602596083,
                -0.39897462015707136,
                0.7830317809501951,
                275.6271868944686,
                0.8788171126619654,
                -0.21662554402536222,
                0.42515156846494434,
                149.65335209966037,
                0.0,
                0.8910065241883678,
                0.4539904997395469,
                215.74465590832045,
                0.0,
                0.0,
                0.0,
                1.0
            ],
            "fov": 20.0,
            "aspect": 1
        },
        {
            "camera_to_world": [
                -0.49999999999999994,
                -0.3931673058512402,
                0.7716342848848005,
                271.6152682794497,
                0.8660254037844387,
                -0.2269952498697734,
                0.44550326209418384,
                156.8171482571527,
                0.0,
                0.8910065241883679,
                0.4539904997395468,
                215.74465590832045,
                0.0,
                0.0,
                0.0,
                1.0
            ],
            "fov": 20.0,
            "aspect": 1
        },
        {
            "camera_to_world": [
                -0.5224985647159488,
                -0.38709053431312374,
                0.7597079492245383,
                267.41719812703747,
                0.8526401643540923,
                -0.23720938450858955,
                0.46554963004096844,
                163.87346977442087,
                0.0,
                0.8910065241883679,
                0.4539904997395468,
                215.74465590832045,
                0.0,
                0.0,
                0.0,
                1.0
            ],
            "fov": 20.0,
            "aspect": 1
        },
        {
            "camera_to_world": [
                -0.544639035015027,
                -0.38074847025839265,
                0.7472609476841368,
                263.0358535848161,
                0.838670567945424,
                -0.24726094768413664,
                0.48527693352604595,
                170.81748060116814,
                0.0,
                0.8910065241883679,
                0.4539904997395468,
                215.74465590832045,
                0.0,
                0.0,
                0.0,
                1.0
            ],
            "fov": 20.0,
            "aspect": 1
        },
        {
            "camera_to_world": [
                -0.5664062369248327,
                -0.37414546022095696,
                0.7343018108167095,
                258.4742374074817,
                0.8241261886220158,
                -0.25714305055710096,
                0.5046716524410084,
                177.64442165923492,
                0.0,
                0.891006524188368,
                0.4539904997395468,
                215.74465590832045,
                0.0,
                0.0,
                0.0,
                1.0
            ],
            "fov": 20.0,
            "aspect": 1
        },
        {
            "camera_to_world": [
                -0.587785252292473,
                -0.3672860295740686,
                0.7208394201673424,
                253.73547589890447,
                0.8090169943749476,
                -0.26684892042779546,
                0.5237204946142993,
                184.3496141042333,
                0.0,
                0.891006524188368,
                0.4539904997395468,
                215.74465590832045,
                0.0,
                0.0,
                0.0,
                1.0
            ],
            "fov": 20.0,
            "aspect": 1
        },
        {
            "camera_to_world": [
                -0.6087614290087205,
                -0.3601748794288567,
                0.7068830021861249,
                248.82281676951592,
                0.7933533402912353,
                -0.27637190537782974,
                0.5424104049210039,
                190.92846253219335,
                0.0,
                0.8910065241883679,
                0.4539904997395468,
                215.74465590832045,
                0.0,
                0.0,
                0.0,
                1.0
            ],
            "fov": 20.0,
            "aspect": 1
        },
        {
            "camera_to_world": [
                -0.6293203910498374,
                -0.35281688341242085,
                0.692442121904803,
                243.7396269104906,
                0.777145961456971,
                -0.2857054788290027,
                0.5607285742301801,
                197.37645812902335,
                0.0,
                0.891006524188368,
                0.4539904997395468,
                215.74465590832045,
                0.0,
                0.0,
                0.0,
                1.0
            ],
            "fov": 20.0,
            "aspect": 1
        },
        {
            "camera_to_world": [
                -0.6494480483301835,
                -0.3452170843276907,
                0.6775266763813833,
                238.48939008624689,
                0.760405965600031,
                -0.29484324401629336,
                0.578662448183596,
                203.68918176062576,
                0.0,
                0.8910065241883679,
                0.4539904997395468,
                215.74465590832045,
                0.0,
                0.0,
                0.0,
                1.0
            ],
            "fov": 20.0,
            "aspect": 1
        },
        {
            "camera_to_world": [
                -0.6691306063588582,
                -0.3373806906973405,
                0.6621468879171843,
                233.07570454684884,
                0.7431448254773942,
                -0.303778938371884,
                0.5961997357998613,
                209.86230700155113,
                0.0,
                0.891006524188368,
                0.4539904997395468,
                215.74465590832045,
                0.0,
                0.0,
                0.0,
                1.0
            ],
            "fov": 20.0,
            "aspect": 1
        },
        {
            "camera_to_world": [
                -0.6883545756937539,
                -0.32931307319412795,
                0.6463132970509821,
                227.50228056194564,
                0.7253743710122876,
                -0.3125064378172111,
                0.6133284178980505,
                215.89160310011374,
                0.0,
                0.8910065241883679,
                0.4539904997395468,
                215.74465590832045,
                0.0,
                0.0,
                0.0,
                1.0
            ],
            "fov": 20.0,
            "aspect": 1
        },
        {
            "camera_to_world": [
                -0.7071067811865474,
                -0.3210197609601032,
                0.6300367553350507,
                221.77293787793778,
                0.7071067811865477,
                -0.32101976096010304,
                0.6300367553350503,
                221.7729378779377,
                0.0,
                0.8910065241883679,
                0.4539904997395468,
                215.74465590832045,
                0.0,
                0.0,
                0.0,
                1.0
            ],
            "fov": 20.0,
            "aspect": 1
        },
        {
            "camera_to_world": [
                -0.7253743710122875,
                -0.31250643781721116,
                0.6133284178980506,
                215.89160310011377,
                0.688354575693754,
                -0.3293130731941279,
                0.646313297050982,
                227.5022805619456,
                0.0,
                0.8910065241883679,
                0.4539904997395468,
                215.74465590832045,
                0.0,
                0.0,
                0.0,
                1.0
            ],
            "fov": 20.0,
            "aspect": 1
        },
        {
            "camera_to_world": [
                -0.7431448254773941,
                -0.3037789383718841,
                0.5961997357998613,
                209.86230700155113,
                0.6691306063588582,
                -0.3373806906973405,
                0.6621468879171842,
                233.0757045468488,
                0.0,
                0.8910065241883679,
                0.4539904997395468,
                215.74465590832045,
                0.0,
                0.0,
                0.0,
                1.0
            ],
            "fov": 20.0,
            "aspect": 1
        },
        {
            "camera_to_world": [
                -0.7604059656000309,
                -0.2948432440162934,
                0.578662448183596,
                203.6891817606258,
                0.6494480483301835,
                -0.3452170843276907,
                0.6775266763813832,
                238.48939008624689,
                0.0,
                0.8910065241883679,
                0.45399049973954675,
                215.74465590832045,
                0.0,
                0.0,
                0.0,
                1.0
            ],
            "fov": 20.0,
            "aspect": 1
        },
        {
            "camera_to_world": [
                -0.777145961456971,
                -0.2857054788290027,
                0.5607285742301801,
                197.37645812902335,
                0.6293203910498374,
                -0.35281688341242085,
                0.692442121904803,
                243.7396269104906,
                0.0,
                0.891006524188368,
                0.4539904997395468,
                215.74465590832045,
                0.0,
                0.0,
                0.0,
                1.0
            ],
            "fov": 20.0,
            "aspect": 1
        },
        {
            "camera_to_world": [
                -0.7933533402912352,
                -0.27637190537782974,
                0.542410404921004,
                190.92846253219338,
                0.6087614290087205,
                -0.3601748794288566,
                0.7068830021861249,
                248.82281676951592,
                0.0,
                0.8910065241883679,
                0.4539904997395468,
                215.74465590832045,
                0.0,
                0.0,
                0.0,
                1.0
            ],
            "fov": 20.0,
            "aspect": 1
        },
        {
            "camera_to_world": [
                -0.8090169943749476,
                -0.26684892042779546,
                0.5237204946142993,
                184.34961410423332,
                0.587785252292473,
                -0.3672860295740686,
                0.7208394201673424,
                253.73547589890447,
                0.0,
                0.891006524188368,
                0.4539904997395468,
                215.74465590832045,
                0.0,
                0.0,
                0.0,
                1.0
            ],
            "fov": 20.0,
            "aspect": 1
        },
        {
            "camera_to_world": [
                -0.8241261886220157,
                -0.257143050557101,
                0.5046716524410084,
                177.64442165923495,
                0.5664062369248328,
                -0.3741454602209569,
                0.7343018108167094,
                258.47423740748167,
                0.0,
                0.8910065241883679,
                0.4539904997395468,
                215.74465590832045,
                0.0,
                0.0,
                0.0,
                1.0
            ],
            "fov": 20.0,
            "aspect": 1
        },
        {
            "camera_to_world": [
                -0.838670567945424,
                -0.2472609476841367,
                0.485276933526046,
                170.81748060116817,
                0.5446390350150271,
                -0.38074847025839265,
                0.7472609476841366,
                263.03585358481604,
                0.0,
                0.8910065241883679,
                0.4539904997395468,
                215.74465590832045,
                0.0,
                0.0,
                0.0,
                1.0
            ],
            "fov": 20.0,
            "aspect": 1
        },
        {
            "camera_to_world": [
                -0.8526401643540922,
                -0.2372093845085896,
                0.4655496300409686,
                163.87346977442093,
                0.5224985647159489,
                -0.3870905343131237,
                0.7597079492245383,
                267.41719812703747,
                0.0,
                0.8910065241883679,
                0.4539904997395468,
                215.74465590832045,
                0.0,
                0.0,
                0.0,
                1.0
            ],
            "fov": 20.0,
            "aspect": 1
        },
        {
            "camera_to_world": [
                -0.8660254037844386,
                -0.2269952498697735,
                0.445503262094184,
                156.81714825715272,
                0.5000000000000001,
                -0.39316730585124016,
                0.7716342848848003,
                271.61526827944965,
                0.0,
                0.8910065241883678,
                0.4539904997395469,
                215.74465590832045,
                0.0,
                0.0,
                0.0,
                1.0
            ],
            "fov": 20.0,
            "aspect": 1
        },
        {
            "camera_to_world": [
                -0.8788171126619653,
                -0.21662554402536233,
                0.4251515684649445,
                149.65335209966042,
                0.4771587602596085,
                -0.3989746201570713,
                0.783031780950195,
                275.62718689446854,
                0.0,
                0.8910065241883678,
                0.4539904997395469,
                215.74465590832045,
                0.0,
                0.0,
                0.0,
                1.0
            ],
            "fov": 20.0,
            "aspect": 1
        },
        {
            "camera_to_world": [
                -0.8910065241883678,
                -0.20610737385376351,
                0.4045084971874737,
                142.38699100999074,
                0.45399049973954686,
                -0.4045084971874738,
                0.7938926261462365,
                279.4502044034752,
                0.0,
                0.8910065241883679,
                0.4539904997395468,
                215.74465590832045,
                0.0,
                0.0,
                0.0,
                1.0
            ],
            "fov": 20.0,
            "aspect": 1
        },
        {
            "camera_to_world": [
                -0.9025852843498605,
                -0.19544794798341847,
                0.38358819599168115,
                135.0230449890717,
                0.4305110968082953,
                -0.4097651442995543,
                0.8042093769921389,
                283.08170070123276,
                0.0,
                0.8910065241883679,
                0.45399049973954697,
                215.74465590832045,
                0.0,
                0.0,
                0.0,
                1.0
            ],
            "fov": 20.0,
            "aspect": 1
        },
        {
            "camera_to_world": [
                -0.9135454576426008,
                -0.18465457185236833,
                0.3624050026070137,
                127.5665609176688,
                0.4067366430758004,
                -0.4147409588499574,
                0.8139749629022056,
                286.5191869415763,
                0.0,
                0.8910065241883679,
                0.4539904997395468,
                215.74465590832045,
                0.0,
                0.0,
                0.0,
                1.0
            ],
            "fov": 20.0,
            "aspect": 1
        },
        {
            "camera_to_world": [
                -0.9238795325112866,
                -0.17373464270147226,
                0.3409734349360931,
                120.02264909750474,
                0.3826834323650899,
                -0.419432530663938,
                0.8231826910316558,
                289.76030724314273,
                0.0,
                0.8910065241883678,
                0.4539904997395469,
                215.74465590832045,
                0.0,
                0.0,
                0.0,
                1.0
            ],
            "fov": 20.0,
            "aspect": 1
        },
        {
            "camera_to_world": [
                -0.9335804264972017,
                -0.16269564450470766,
                0.3193081811048705,
                112.3964797489144,
                0.3583679495453005,
                -0.4238366443725239,
                0.8318262508635657,
                292.8028403039751,
                0.0,
                0.8910065241883679,
                0.4539904997395468,
                215.74465590832045,
                0.0,
                0.0,
                0.0,
                1.0
            ],
            "fov": 20.0,
            "aspect": 1
        },
        {
            "camera_to_world": [
                -0.9426414910921783,
                -0.1515451428400283,
                0.2974240893961181,
                104.69327946743354,
                0.333806859233771,
                -0.42795028161616966,
                0.8398997185337821,
                295.64470092389126,
                0.0,
                0.8910065241883679,
                0.4539904997395468,
                215.74465590832045,
                0.0,
                0.0,
                0.0,
                1.0
            ],
            "fov": 20.0,
            "aspect": 1
        },
        {
            "camera_to_world": [
                -0.9510565162951535,
                -0.14029077970429515,
                0.27533615807315837,
                96.91832764175173,
                0.30901699437494745,
                -0.43177062311338926,
                0.8473975608908426,
                298.28394143357656,
                0.0,
                0.8910065241883679,
                0.4539904997395468,
                215.74465590832045,
                0.0,
                0.0,
                0.0,
                1.0
            ],
            "fov": 20.0,
            "aspect": 1
        },
        {
            "camera_to_world": [
                -0.958819734868193,
                -0.12894026827583346,
                0.2530595251008033,
                89.07695283548277,
                0.28401534470392265,
                -0.4352950505929507,
                0.8543146392881211,
                300.7187530294186,
                0.0,
                0.8910065241883679,
                0.45399049973954675,
                215.74465590832045,
                0.0,
                0.0,
                0.0,
                1.0
            ],
            "fov": 20.0,
            "aspect": 1
        },
        {
            "camera_to_world": [
                -0.9659258262890683,
                -0.1175013876282057,
                0.23060945777054942,
                81.17452913523339,
                0.25881904510252074,
                -0.4385211485883088,
                0.8606462131056,
                302.94746701317115,
                0.0,
                0.8910065241883679,
                0.4539904997395468,
                215.74465590832045,
                0.0,
                0.0,
                0.0,
                1.0
            ],
            "fov": 20.0,
            "aspect": 1
        },
        {
            "camera_to_world": [
                -0.9723699203976766,
                -0.10598197739882287,
                0.20800134223713918,
                73.21647246747298,
                0.23344536385590547,
                -0.44144670609304454,
                0.8663879429988538,
                304.9685559355965,
                0.0,
                0.8910065241883679,
                0.4539904997395468,
                215.74465590832045,
                0.0,
                0.0,
                0.0,
                1.0
            ],
            "fov": 20.0,
            "aspect": 1
        },
        {
            "camera_to_world": [
                -0.9781476007338057,
                -0.09438993241604864,
                0.18525067297365824,
                65.2082368867277,
                0.2079116908177592,
                -0.44406971807617907,
                0.8715358938730197,
                306.7806346433029,
                0.0,
                0.8910065241883679,
                0.45399049973954675,
                215.74465590832045,
                0.0,
                0.0,
                0.0,
                1.0
            ],
            "fov": 20.0,
            "aspect": 1
        },
        {
            "camera_to_world": [
                -0.9832549075639545,
                -0.08273319728847893,
                0.16237304215239898,
                57.15531083764444,
                0.18223552549214742,
                -0.4463883868563216,
                0.8760865375797141,
                308.38246122805936,
                0.0,
                0.8910065241883679,
                0.45399049973954675,
                215.74465590832045,
                0.0,
                0.0,
                0.0,
                1.0
            ],
            "fov": 20.0,
            "aspect": 1
        },
        {
            "camera_to_world": [
                -0.9876883405951378,
                -0.07101976096010311,
                0.1393841289587629,
                49.06321339348453,
                0.15643446504023092,
                -0.44840112333371035,
                0.8800367553350504,
                309.7729378779377,
                0.0,
                0.8910065241883679,
                0.4539904997395468,
                215.74465590832045,
                0.0,
                0.0,
                0.0,
                1.0
            ],
            "fov": 20.0,
            "aspect": 1
        },
        {
            "camera_to_world": [
                -0.9914448613738105,
                -0.05925765123508135,
                0.11629968884553087,
                40.93749047362685,
                0.13052619222005152,
                -0.45010654807930206,
                0.883383839857097,
                310.95111162969806,
                0.0,
                0.8910065241883679,
                0.4539904997395469,
                215.74465590832045,
                0.0,
                0.0,
                0.0,
                1.0
            ],
            "fov": 20.0,
            "aspect": 1
        },
        {
            "camera_to_world": [
                -0.9945218953682734,
                -0.04745492927588886,
                0.0931355427348634,
                32.78371104267191,
                0.10452846326765347,
                -0.45150349228016373,
                0.8861254972213128,
                311.91617502190206,
                0.0,
                0.8910065241883679,
                0.4539904997395468,
                215.74465590832045,
                0.0,
                0.0,
                0.0,
                1.0
            ],
            "fov": 20.0,
            "aspect": 1
        },
        {
            "camera_to_world": [
                -0.9969173337331279,
                -0.0356196840785973,
                0.06990756617542959,
                24.607463293751213,
                0.078459095727845,
                -0.4525909985405193,
                0.8882598484326895,
                312.66746664830663,
                0.0,
                0.8910065241883679,
                0.4539904997395468,
                215.74465590832045,
                0.0,
                0.0,
                0.0,
                1.0
            ],
            "fov": 20.0,
            "aspect": 1
        },
        {
            "camera_to_world": [
                -0.9986295347545738,
                -0.02376002692908109,
                0.04663167846209982,
                16.414350818659134,
                0.052335956242943744,
                -0.45336832153790013,
                0.8897854307135198,
                313.2044716111589,
                0.0,
                0.8910065241883679,
                0.4539904997395468,
                215.74465590832045,
                0.0,
                0.0,
                0.0,
                1.0
            ],
            "fov": 20.0,
            "aspect": 1
        },
        {
            "camera_to_world": [
                -0.9996573249755573,
                -0.011884085843947604,
                0.023323831725656618,
                8.20998876743113,
                0.026176948307873128,
                -0.45383492853395174,
                0.8907011985059131,
                313.5268218740814,
                0.0,
                0.8910065241883679,
                0.45399049973954675,
                215.74465590832045,
                0.0,
                0.0,
                0.0,
                1.0
            ],
            "fov": 20.0,
            "aspect": 1
        },
        {
            "camera_to_world": [
                -1.0,
                -1.2860504177185243e-16,
                2.524016060423662e-16,
                8.884536532691287e-14,
                2.8327694488239903e-16,
                -0.4539904997395469,
                0.8910065241883679,
                313.6342965143054,
                0.0,
                0.8910065241883679,
                0.4539904997395469,
                215.74465590832045,
                0.0,
                0.0,
                0.0,
                1.0
            ],
            "fov": 20.0,
            "aspect": 1
        },
        {
            "camera_to_world": [
                -0.9996573249755573,
                0.01188408584394755,
                -0.02332383172565651,
                -8.20998876743109,
                -0.026176948307873007,
                -0.4538349285339518,
                0.8907011985059131,
                313.52682187408135,
                0.0,
                0.8910065241883679,
                0.4539904997395468,
                215.74465590832045,
                0.0,
                0.0,
                0.0,
                1.0
            ],
            "fov": 20.0,
            "aspect": 1
        },
        {
            "camera_to_world": [
                -0.9986295347545738,
                0.023760026929081027,
                -0.0466316784620997,
                -16.41435081865909,
                -0.05233595624294361,
                -0.45336832153790013,
                0.8897854307135198,
                313.2044716111589,
                0.0,
                0.8910065241883679,
                0.4539904997395468,
                215.74465590832045,
                0.0,
                0.0,
                0.0,
                1.0
            ],
            "fov": 20.0,
            "aspect": 1
        },
        {
            "camera_to_world": [
                -0.9969173337331279,
                0.03561968407859725,
                -0.0699075661754295,
                -24.607463293751177,
                -0.07845909572784489,
                -0.4525909985405194,
                0.8882598484326895,
                312.66746664830663,
                0.0,
                0.8910065241883679,
                0.4539904997395468,
                215.74465590832045,
                0.0,
                0.0,
                0.0,
                1.0
            ],
            "fov": 20.0,
            "aspect": 1
        },
        {
            "camera_to_world": [
