{
    "_target": [
        0.0,
        0.0,
        55.94
    ],
    "_radius": 612.0,
    "_elevation": 78.0,
    "camera_type": "perspective",
    "render_height": 1024,
    "render_width": 1024,
    "fps": 24,
    "camera_path": [
        {
            "camera_to_world": [
                0.0,
                -0.9781476007338056,
                0.20791169081775948,
                127.2419547804688,
                1.0,
                0.0,
                -0.0,
                0.0,
                -0.0,
                0.20791169081775948,
                0.9781476007338056,
                654.5663316490891,
                0.0,
                0.0,
                0.0,
                1.0
            ],
            "fov": 20.0,
            "aspect": 1
        },
        {
            "camera_to_world": [
                -0.026176948307873146,
                -0.9778124139808155,
                0.2078404446740266,
                127.19835214050428,
                0.9996573249755573,
                -0.02560491918187897,
                0.005442493583138994,
                3.3308060728810647,
                0.0,
                0.20791169081775948,
                0.9781476007338056,
                654.5663316490891,
                0.0,
                0.0,
                0.0,
                1.0
            ],
            "fov": 20.0,
            "aspect": 1
        },
        {
            "camera_to_world": [
                -0.052335956242943835,
                -0.976807083442103,
                0.20762675507137596,
                127.06757410368209,
                0.9986295347545738,
                -0.05119229003114495,
                0.010881257153034727,
                6.659329377657253,
                0.0,
                0.2079116908177595,
                0.9781476007338056,
                654.5663316490891,
                0.0,
                0.0,
                0.0,
                1.0
            ],
            "fov": 20.0,
            "aspect": 1
        },
        {
            "camera_to_world": [
                -0.07845909572784494,
                -0.9751322981210018,
                0.20727076846198722,
                126.84971029873618,
                0.996917333733128,
                -0.07674457624193552,
                0.01631256325280869,
                9.983288710718918,
                0.0,
                0.20791169081775948,
                0.9781476007338056,
                654.5663316490891,
                0.0,
                0.0,
                0.0,
                1.0
            ],
            "fov": 20.0,
            "aspect": 1
        },
        {
            "camera_to_world": [
                -0.10452846326765348,
                -0.9727892058317135,
                0.20677272882130057,
                126.54491003863595,
                0.9945218953682734,
                -0.10224426555364698,
                0.021732689536559897,
                13.300405996374657,
                0.0,
                0.20791169081775945,
                0.9781476007338056,
                654.5663316490891,
                0.0,
                0.0,
                0.0,
                1.0
            ],
            "fov": 20.0,
            "aspect": 1
        },
        {
            "camera_to_world": [
                -0.13052619222005163,
                -0.9697794124126532,
                0.20613297748080803,
                126.1533822182545,
                0.9914448613738104,
                -0.12767388175296304,
                0.02713792132047481,
                16.608407848130582,
                0.0,
                0.20791169081775943,
                0.9781476007338056,
                654.5663316490891,
                0.0,
                0.0,
                0.0,
                1.0
            ],
            "fov": 20.0,
            "aspect": 1
        },
        {
            "camera_to_world": [
                -0.15643446504023087,
                -0.9661049806258878,
                0.20535195289412217,
                125.67539517120277,
                0.9876883405951378,
                -0.1530159966511782,
                0.03252455412868608,
                19.905027126755883,
                0.0,
                0.20791169081775945,
                0.9781476007338056,
                654.5663316490891,
                0.0,
                0.0,
                0.0,
                1.0
            ],
            "fov": 20.0,
            "aspect": 1
        },
        {
            "camera_to_world": [
                -0.18223552549214747,
                -0.9617684287434219,
                0.20443019033648163,
                125.11127648592675,
                0.9832549075639546,
                -0.17825324202860832,
                0.037888896232135295,
                23.1880044940668,
                0.0,
                0.2079116908177595,
                0.9781476007338056,
                654.5663316490891,
                0.0,
                0.0,
                0.0,
                1.0
            ],
            "fov": 20.0,
            "aspect": 1
        },
        {
            "camera_to_world": [
                -0.20791169081775934,
                -0.9567727288213005,
                0.20336832153790024,
                124.46141278119495,
                0.9781476007338056,
                -0.20336832153790013,
                0.04322727117869958,
                26.455089961364145,
                0.0,
                0.2079116908177595,
                0.9781476007338056,
                654.5663316490891,
                0.0,
                0.0,
                0.0,
                1.0
            ],
            "fov": 20.0,
            "aspect": 1
        },
        {
            "camera_to_world": [
                -0.23344536385590545,
                -0.9511213046627089,
                0.20216707425021116,
                123.72624944112923,
                0.9723699203976766,
                -0.2283440225580842,
                0.048536020312848385,
                29.70404443146321,
                0.0,
                0.20791169081775954,
                0.9781476007338056,
                654.5663316490891,
                0.0,
                0.0,
                0.0,
                1.0
            ],
            "fov": 20.0,
            "aspect": 1
        },
        {
            "camera_to_world": [
                -0.25881904510252074,
                -0.9448180294714709,
                0.20082727174830164,
                122.90629030996061,
                0.9659258262890683,
                -0.2531632279912453,
                0.053811505283103044,
                32.93264123325906,
                0.0,
                0.2079116908177595,
                0.9781476007338056,
                654.5663316490891,
                0.0,
                0.0,
                0.0,
                1.0
            ],
            "fov": 20.0,
            "aspect": 1
        },
        {
            "camera_to_world": [
                -0.2840153447039226,
                -0.9378672231975467,
                0.19934983226588188,
                122.00209734671971,
                0.958819734868193,
                -0.27780892799372664,
                0.05905011053558133,
                36.138667647775776,
                0.0,
                0.20791169081775948,
                0.9781476007338056,
                654.5663316490891,
                0.0,
                0.0,
                0.0,
                1.0
            ],
            "fov": 20.0,
            "aspect": 1
        },
        {
            "camera_to_world": [
                -0.3090169943749474,
                -0.930273649576356,
                0.19773576836617343,
                121.01429024009813,
                0.9510565162951536,
                -0.3022642316338267,
                0.06424824579191739,
                39.319926424653445,
                0.0,
                0.20791169081775954,
                0.9781476007338056,
                654.5663316490891,
                0.0,
                0.0,
                0.0,
                1.0
            ],
            "fov": 20.0,
            "aspect": 1
        },
        {
            "camera_to_world": [
                -0.3338068592337712,
                -0.9220425128639513,
                0.19598618624794872,
                119.94354598374463,
                0.9426414910921784,
                -0.32651237846800046,
                0.06940234850985917,
                42.47423728803381,
                0.0,
                0.20791169081775948,
                0.9781476007338056,
                654.5663316490891,
                0.0,
                0.0,
                0.0,
                1.0
            ],
            "fov": 20.0,
            "aspect": 1
        },
        {
            "camera_to_world": [
                -0.3583679495453003,
                -0.9131794542702809,
                0.1941022849873982,
                118.7905984122877,
                0.9335804264972017,
                -0.3505367500276291,
                0.0745088863248569,
                45.59943843081243,
                0.0,
                0.20791169081775948,
                0.9781476007338056,
                654.5663316490891,
                0.0,
                0.0,
                0.0,
                1.0
            ],
            "fov": 20.0,
            "aspect": 1
        },
        {
            "camera_to_world": [
                -0.38268343236508984,
                -0.9036905480929851,
                0.19208535571634278,
                117.55623769840179,
                0.9238795325112867,
                -0.37432088120849016,
                0.07956435947096951,
                48.69338799623334,
                0.0,
                0.20791169081775945,
                0.9781476007338056,
                654.5663316490891,
                0.0,
                0.0,
                0.0,
                1.0
            ],
            "fov": 20.0,
            "aspect": 1
        },
        {
            "camera_to_world": [
                -0.4067366430758004,
                -0.8935822975543765,
                0.18993678073735698,
                116.24130981126247,
                0.9135454576426009,
                -0.3978484715551164,
                0.08456530317942917,
                51.75396554581065,
                0.0,
                0.20791169081775945,
                0.9781476007338056,
                654.5663316490891,
                0.0,
                0.0,
                0.0,
                1.0
            ],
            "fov": 20.0,
            "aspect": 1
        },
        {
            "camera_to_world": [
                -0.4305110968082952,
                -0.8828616303444559,
                0.18765803257640773,
                114.84671593676153,
                0.9025852843498605,
                -0.4211033964323131,
                0.0895082900532208,
                54.779073512571124,
                0.0,
                0.20791169081775948,
                0.9781476007338056,
                654.5663316490891,
                0.0,
                0.0,
                0.0,
                1.0
            ],
            "fov": 20.0,
            "aspect": 1
        },
        {
            "camera_to_world": [
                -0.45399049973954686,
                -0.8715358938730196,
                0.18525067297365844,
                113.37341185987896,
                0.8910065241883679,
                -0.4440697180761791,
                0.09438993241604876,
                57.76663863862184,
                0.0,
                0.20791169081775945,
                0.9781476007338056,
                654.5663316490891,
                0.0,
                0.0,
                0.0,
                1.0
            ],
            "fov": 20.0,
            "aspect": 1
        },
        {
            "camera_to_world": [
                -0.47715876025960846,
                -0.859612850234112,
                0.18271635181313062,
                111.82240730963593,
                0.8788171126619655,
                -0.46673169651705315,
                0.0992068846340811,
                60.714613396057636,
                0.0,
                0.20791169081775945,
                0.9781476007338056,
                654.5663316490891,
                0.0,
                0.0,
                0.0,
                1.0
            ],
            "fov": 20.0,
            "aspect": 1
        },
        {
            "camera_to_world": [
                -0.49999999999999994,
                -0.8471006708862739,
                0.1800568059919555,
                110.19476526707678,
                0.8660254037844387,
                -0.48907380036690273,
                0.10395584540887971,
                63.62097739023439,
                0.0,
                0.20791169081775945,
                0.9781476007338056,
                654.5663316490891,
                0.0,
                0.0,
                0.0,
                1.0
            ],
            "fov": 20.0,
            "aspect": 1
        },
        {
            "camera_to_world": [
                -0.5224985647159489,
                -0.834007931052233,
                0.17727385822999162,
                108.49160123675487,
                0.8526401643540923,
                -0.5110807174637625,
                0.10863356003994543,
                66.4837387444466,
                0.0,
                0.20791169081775945,
                0.9781476007338056,
                654.5663316490891,
                0.0,
                0.0,
                0.0,
                1.0
            ],
            "fov": 20.0,
            "aspect": 1
        },
        {
            "camera_to_world": [
                -0.5446390350150269,
                -0.8203436038418748,
                0.17436941582062376,
                106.71408248222174,
                0.8386705679454242,
                -0.5327373653659236,
                0.11323682265532715,
                69.30093546506022,
                0.0,
                0.20791169081775948,
                0.9781476007338056,
                654.5663316490891,
                0.0,
                0.0,
                0.0,
                1.0
            ],
            "fov": 20.0,
            "aspect": 1
        },
        {
            "camera_to_world": [
                -0.5664062369248326,
                -0.8061170541025204,
                0.17134546932359906,
                104.86342722604263,
                0.8241261886220157,
                -0.5540289016886886,
                0.11776247840876643,
                72.07063678616505,
                0.0,
                0.20791169081775948,
                0.9781476007338056,
                654.5663316490891,
                0.0,
                0.0,
                0.0,
                1.0
            ],
            "fov": 20.0,
            "aspect": 1
        },
        {
            "camera_to_world": [
                -0.587785252292473,
                -0.7913380320007296,
                0.16820409120079716,
                102.94090381488786,
                0.8090169943749476,
                -0.5749407342765971,
                0.12220742564187141,
                74.7909444928253,
                0.0,
                0.2079116908177595,
                0.9781476007338056,
                654.5663316490891,
                0.0,
                0.0,
                0.0,
                1.0
            ],
            "fov": 20.0,
            "aspect": 1
        },
        {
            "camera_to_world": [
                -0.6087614290087205,
                -0.7760166663400222,
                0.16494743439586804,
                100.94782985027123,
                0.7933533402912353,
                -0.5954585312041629,
                0.12656861800983854,
                77.4599942220212,
                0.0,
                0.20791169081775948,
                0.9781476007338056,
                654.5663316490891,
                0.0,
                0.0,
                0.0,
                1.0
            ],
            "fov": 20.0,
            "aspect": 1
        },
        {
            "camera_to_world": [
                -0.6293203910498374,
                -0.7601634576191028,
                0.1615777308587122,
                98.88557128553185,
                0.777145961456971,
                -0.6155682305982587,
                0.13084306656926528,
                80.07595674039035,
                0.0,
                0.2079116908177595,
                0.9781476007338056,
                654.5663316490891,
                0.0,
                0.0,
                0.0,
                1.0
            ],
            "fov": 20.0,
            "aspect": 1
        },
        {
            "camera_to_world": [
                -0.6494480483301835,
                -0.7437892708353432,
                0.15809729001581352,
                96.75554148967788,
                0.7604059656000312,
                -0.6352560502754216,
                0.13502784182662245,
                82.63703919789293,
                0.0,
                0.2079116908177595,
                0.9781476007338056,
                654.5663316490891,
                0.0,
                0.0,
                0.0,
                1.0
            ],
            "fov": 20.0,
            "aspect": 1
        },
        {
            "camera_to_world": [
                -0.6691306063588581,
                -0.726905328038456,
                0.15450849718747384,
                94.559200278734,
                0.7431448254773944,
                -0.6545084971874736,
                0.13912007574598284,
                85.1414863565415,
                0.0,
                0.2079116908177595,
                0.9781476007338056,
                654.5663316490891,
                0.0,
                0.0,
                0.0,
                1.0
            ],
            "fov": 20.0,
            "aspect": 1
        },
        {
            "camera_to_world": [
                -0.6883545756937538,
                -0.7095232006394626,
                0.15081381195303353,
                92.29805291525652,
                0.7253743710122876,
                -0.6733123766689821,
                0.14311696371462979,
                87.58758179335344,
                0.0,
                0.20791169081775948,
                0.9781476007338056,
                654.5663316490891,
                0.0,
                0.0,
                0.0,
                1.0
            ],
            "fov": 20.0,
            "aspect": 1
        },
        {
            "camera_to_world": [
                -0.7071067811865474,
                -0.6916548014802257,
                0.14701576646519862,
                89.97364907670155,
                0.7071067811865477,
                -0.6916548014802254,
                0.14701576646519857,
                89.97364907670152,
                0.0,
                0.20791169081775954,
                0.9781476007338056,
                654.5663316490891,
                0.0,
                0.0,
                0.0,
                1.0
            ],
            "fov": 20.0,
            "aspect": 1
        },
        {
            "camera_to_world": [
                -0.7253743710122875,
                -0.6733123766689824,
                0.1431169637146298,
                87.58758179335345,
                0.688354575693754,
                -0.7095232006394625,
                0.1508138119530335,
                92.2980529152565,
                0.0,
                0.2079116908177595,
                0.9781476007338056,
                654.5663316490891,
                0.0,
                0.0,
                0.0,
                1.0
            ],
            "fov": 20.0,
            "aspect": 1
        },
        {
            "camera_to_world": [
                -0.7431448254773944,
                -0.6545084971874736,
                0.13912007574598284,
                85.1414863565415,
                0.6691306063588581,
                -0.726905328038456,
                0.15450849718747384,
                94.55920027873398,
                0.0,
                0.2079116908177595,
                0.9781476007338056,
                654.5663316490891,
                0.0,
                0.0,
                0.0,
                1.0
            ],
            "fov": 20.0,
            "aspect": 1
        },
        {
            "camera_to_world": [
                -0.760405965600031,
                -0.6352560502754218,
                0.13502784182662247,
                82.63703919789295,
                0.6494480483301837,
                -0.7437892708353431,
                0.15809729001581352,
                96.75554148967787,
                0.0,
                0.2079116908177595,
                0.9781476007338056,
                654.5663316490891,
                0.0,
                0.0,
                0.0,
                1.0
            ],
            "fov": 20.0,
            "aspect": 1
        },
        {
            "camera_to_world": [
                -0.7771459614569709,
                -0.6155682305982587,
                0.13084306656926528,
                80.07595674039035,
                0.6293203910498373,
                -0.7601634576191028,
                0.1615777308587122,
                98.88557128553185,
                0.0,
                0.2079116908177595,
                0.9781476007338056,
                654.5663316490891,
                0.0,
                0.0,
                0.0,
                1.0
            ],
            "fov": 20.0,
            "aspect": 1
        },
        {
            "camera_to_world": [
                -0.7933533402912352,
                -0.595458531204163,
                0.12656861800983857,
                77.45999422202121,
                0.6087614290087205,
                -0.7760166663400222,
                0.16494743439586804,
                100.94782985027123,
                0.0,
                0.20791169081775954,
                0.9781476007338056,
                654.5663316490891,
                0.0,
                0.0,
                0.0,
                1.0
            ],
            "fov": 20.0,
            "aspect": 1
        },
        {
            "camera_to_world": [
                -0.8090169943749475,
                -0.5749407342765972,
                0.12220742564187141,
                74.7909444928253,
                0.587785252292473,
                -0.7913380320007296,
                0.16820409120079713,
                102.94090381488785,
                0.0,
                0.20791169081775948,
                0.9781476007338056,
                654.5663316490891,
                0.0,
                0.0,
                0.0,
                1.0
            ],
            "fov": 20.0,
            "aspect": 1
        },
        {
            "camera_to_world": [
                -0.8241261886220156,
                -0.5540289016886888,
                0.11776247840876647,
                72.07063678616508,
                0.5664062369248328,
                -0.8061170541025203,
                0.17134546932359904,
                104.86342722604262,
                0.0,
                0.20791169081775948,
                0.9781476007338056,
                654.5663316490891,
                0.0,
                0.0,
                0.0,
                1.0
            ],
            "fov": 20.0,
            "aspect": 1
        },
        {
            "camera_to_world": [
                -0.8386705679454239,
                -0.532737365365924,
                0.11323682265532721,
                69.30093546506025,
                0.5446390350150272,
                -0.8203436038418745,
                0.17436941582062374,
                106.71408248222173,
                0.0,
                0.20791169081775945,
                0.9781476007338056,
                654.5663316490891,
                0.0,
                0.0,
                0.0,
                1.0
            ],
            "fov": 20.0,
            "aspect": 1
        },
        {
            "camera_to_world": [
                -0.8526401643540921,
                -0.5110807174637626,
                0.10863356003994547,
                66.48373874444663,
                0.5224985647159489,
                -0.8340079310522329,
                0.17727385822999162,
                108.49160123675487,
                0.0,
                0.20791169081775948,
                0.9781476007338056,
                654.5663316490891,
                0.0,
                0.0,
                0.0,
                1.0
            ],
            "fov": 20.0,
            "aspect": 1
        },
        {
            "camera_to_world": [
                -0.8660254037844386,
                -0.4890738003669029,
                0.10395584540887977,
                63.620977390234415,
                0.5000000000000001,
                -0.8471006708862738,
                0.1800568059919555,
                110.19476526707676,
                0.0,
                0.20791169081775948,
                0.9781476007338056,
                654.5663316490891,
                0.0,
                0.0,
                0.0,
                1.0
            ],
            "fov": 20.0,
            "aspect": 1
        },
        {
            "camera_to_world": [
                -0.8788171126619653,
                -0.4667316965170533,
                0.09920688463408116,
                60.714613396057665,
                0.47715876025960857,
                -0.8596128502341119,
                0.18271635181313062,
                111.82240730963593,
                0.0,
                0.2079116908177595,
                0.9781476007338056,
                654.5663316490891,
                0.0,
                0.0,
                0.0,
                1.0
            ],
            "fov": 20.0,
            "aspect": 1
        },
        {
            "camera_to_world": [
                -0.8910065241883678,
                -0.4440697180761793,
                0.09438993241604879,
                57.766638638621856,
                0.45399049973954697,
                -0.8715358938730196,
                0.18525067297365844,
                113.37341185987896,
                0.0,
                0.20791169081775948,
                0.9781476007338056,
                654.5663316490891,
                0.0,
                0.0,
                0.0,
                1.0
            ],
            "fov": 20.0,
            "aspect": 1
        },
        {
            "camera_to_world": [
                -0.9025852843498605,
                -0.42110339643231315,
                0.08950829005322081,
                54.77907351257113,
                0.43051109680829525,
                -0.8828616303444559,
                0.18765803257640773,
                114.84671593676153,
                0.0,
                0.20791169081775948,
                0.9781476007338056,
                654.5663316490891,
                0.0,
                0.0,
                0.0,
                1.0
            ],
            "fov": 20.0,
            "aspect": 1
        },
        {
            "camera_to_world": [
                -0.9135454576426008,
                -0.39784847155511643,
                0.08456530317942919,
                51.753965545810665,
                0.4067366430758004,
                -0.8935822975543765,
                0.18993678073735698,
                116.24130981126247,
                0.0,
                0.20791169081775945,
                0.9781476007338056,
                654.5663316490891,
                0.0,
                0.0,
                0.0,
                1.0
            ],
            "fov": 20.0,
            "aspect": 1
        },
        {
            "camera_to_world": [
                -0.9238795325112867,
                -0.3743208812084903,
                0.07956435947096953,
                48.693387996233355,
                0.38268343236508995,
                -0.9036905480929851,
                0.19208535571634278,
                117.55623769840179,
                0.0,
                0.20791169081775945,
                0.9781476007338056,
                654.5663316490891,
                0.0,
                0.0,
                0.0,
                1.0
            ],
            "fov": 20.0,
            "aspect": 1
        },
        {
            "camera_to_world": [
                -0.9335804264972017,
                -0.35053675002762913,
                0.07450888632485693,
                45.59943843081244,
                0.35836794954530043,
                -0.9131794542702808,
                0.19410228498739823,
                118.79059841228772,
                0.0,
                0.2079116908177595,
                0.9781476007338056,
                654.5663316490891,
                0.0,
                0.0,
                0.0,
                1.0
            ],
            "fov": 20.0,
            "aspect": 1
        },
        {
            "camera_to_world": [
                -0.9426414910921784,
                -0.32651237846800024,
                0.06940234850985914,
                42.4742372880338,
                0.33380685923377096,
                -0.9220425128639513,
                0.19598618624794878,
                119.94354598374466,
                0.0,
                0.20791169081775948,
                0.9781476007338056,
                654.5663316490891,
                0.0,
                0.0,
                0.0,
                1.0
            ],
            "fov": 20.0,
            "aspect": 1
        },
        {
            "camera_to_world": [
                -0.9510565162951536,
                -0.30226423163382676,
                0.0642482457919174,
                39.31992642465345,
                0.30901699437494745,
                -0.930273649576356,
                0.19773576836617343,
                121.01429024009813,
                0.0,
                0.20791169081775954,
                0.9781476007338056,
                654.5663316490891,
                0.0,
                0.0,
                0.0,
                1.0
            ],
            "fov": 20.0,
            "aspect": 1
        },
        {
            "camera_to_world": [
                -0.958819734868193,
                -0.2778089279937268,
                0.05905011053558137,
                36.1386676477758,
                0.28401534470392276,
                -0.9378672231975467,
                0.19934983226588188,
                122.00209734671971,
                0.0,
                0.20791169081775948,
                0.9781476007338056,
                654.5663316490891,
                0.0,
                0.0,
                0.0,
                1.0
            ],
            "fov": 20.0,
            "aspect": 1
        },
        {
            "camera_to_world": [
                -0.9659258262890683,
                -0.2531632279912453,
                0.053811505283103044,
                32.93264123325906,
                0.25881904510252074,
                -0.9448180294714709,
                0.20082727174830164,
                122.90629030996061,
                0.0,
                0.2079116908177595,
                0.9781476007338056,
                654.5663316490891,
                0.0,
                0.0,
                0.0,
                1.0
            ],
            "fov": 20.0,
            "aspect": 1
        },
        {
            "camera_to_world": [
                -0.9723699203976766,
                -0.22834402255808423,
                0.04853602031284839,
                29.704044431463217,
                0.23344536385590547,
                -0.9511213046627089,
                0.20216707425021116,
                123.72624944112923,
                0.0,
                0.20791169081775954,
                0.9781476007338056,
                654.5663316490891,
                0.0,
                0.0,
                0.0,
                1.0
            ],
            "fov": 20.0,
            "aspect": 1
        },
        {
            "camera_to_world": [
                -0.9781476007338056,
                -0.20336832153790002,
                0.04322727117869957,
                26.455089961364134,
                0.20791169081775923,
                -0.9567727288213005,
                0.20336832153790027,
                124.46141278119497,
                0.0,
                0.2079116908177595,
                0.9781476007338056,
                654.5663316490891,
                0.0,
                0.0,
                0.0,
                1.0
            ],
            "fov": 20.0,
            "aspect": 1
        },
        {
            "camera_to_world": [
                -0.9832549075639546,
                -0.17825324202860832,
                0.03788889623213529,
                23.188004494066796,
                0.18223552549214744,
                -0.961768428743422,
                0.20443019033648163,
                125.11127648592675,
                0.0,
                0.20791169081775954,
                0.9781476007338056,
                654.5663316490891,
                0.0,
                0.0,
                0.0,
                1.0
            ],
            "fov": 20.0,
            "aspect": 1
        },
        {
            "camera_to_world": [
                -0.9876883405951378,
                -0.15301599665117827,
                0.032524554128686094,
                19.90502712675589,
                0.15643446504023092,
                -0.9661049806258878,
                0.20535195289412217,
                125.67539517120277,
                0.0,
                0.20791169081775948,
                0.9781476007338056,
                654.5663316490891,
                0.0,
                0.0,
                0.0,
                1.0
            ],
            "fov": 20.0,
            "aspect": 1
        },
        {
            "camera_to_world": [
                -0.9914448613738104,
                -0.12767388175296296,
                0.02713792132047479,
                16.60840784813057,
                0.13052619222005155,
                -0.9697794124126532,
                0.20613297748080803,
                126.15338221825452,
                0.0,
                0.20791169081775943,
                0.9781476007338056,
                654.5663316490891,
                0.0,
                0.0,
                0.0,
                1.0
            ],
            "fov": 20.0,
            "aspect": 1
        },
        {
            "camera_to_world": [
                -0.9945218953682734,
                -0.10224426555364698,
                0.021732689536559893,
                13.300405996374655,
                0.10452846326765347,
                -0.9727892058317135,
                0.20677272882130057,
                126.54491003863595,
                0.0,
                0.20791169081775945,
                0.9781476007338056,
                654.5663316490891,
                0.0,
                0.0,
                0.0,
                1.0
            ],
            "fov": 20.0,
            "aspect": 1
        },
        {
            "camera_to_world": [
                -0.996917333733128,
                -0.07674457624193558,
                0.016312563252808703,
                9.983288710718927,
                0.07845909572784501,
                -0.9751322981210017,
                0.20727076846198722,
                126.84971029873618,
                0.0,
                0.20791169081775945,
                0.9781476007338056,
                654.5663316490891,
                0.0,
                0.0,
                0.0,
                1.0
            ],
            "fov": 20.0,
            "aspect": 1
        },
        {
            "camera_to_world": [
                -0.9986295347545738,
                -0.05119229003114487,
                0.01088125715303471,
                6.659329377657243,
                0.05233595624294375,
                -0.976807083442103,
                0.20762675507137596,
                127.06757410368209,
                0.0,
                0.2079116908177595,
                0.9781476007338056,
                654.5663316490891,
                0.0,
                0.0,
                0.0,
                1.0
            ],
            "fov": 20.0,
            "aspect": 1
        },
        {
            "camera_to_world": [
                -0.9996573249755573,
                -0.025604919181878957,
                0.005442493583138992,
                3.330806072881063,
                0.02617694830787313,
                -0.9778124139808155,
                0.2078404446740266,
                127.19835214050428,
                0.0,
                0.20791169081775948,
                0.9781476007338056,
                654.5663316490891,
                0.0,
                0.0,
                0.0,
                1.0
            ],
            "fov": 20.0,
            "aspect": 1
        },
        {
            "camera_to_world": [
                -1.0,
                -2.7708666397992114e-16,
                5.889658858018883e-17,
                3.6044712211075564e-14,
                2.832769448823991e-16,
                -0.9781476007338056,
                0.20791169081775943,
                127.24195478046877,
                0.0,
                0.20791169081775943,
                0.9781476007338056,
                654.5663316490891,
                0.0,
                0.0,
                0.0,
                1.0
            ],
            "fov": 20.0,
            "aspect": 1
        },
        {
            "camera_to_world": [
                -0.9996573249755573,
                0.02560491918187884,
                -0.0054424935831389664,
                -3.3308060728810474,
                -0.02617694830787301,
                -0.9778124139808156,
                0.2078404446740266,
                127.19835214050428,
                0.0,
                0.2079116908177595,
                0.9781476007338056,
                654.5663316490891,
                0.0,
                0.0,
                0.0,
                1.0
            ],
            "fov": 20.0,
            "aspect": 1
        },
        {
            "camera_to_world": [
                -0.9986295347545738,
                0.05119229003114472,
                -0.010881257153034682,
                -6.659329377657226,
                -0.0523359562429436,
                -0.976807083442103,
                0.207626755071376,
                127.06757410368212,
                0.0,
                0.20791169081775954,
                0.9781476007338056,
                654.5663316490891,
                0.0,
                0.0,
                0.0,
                1.0
            ],
            "fov": 20.0,
            "aspect": 1
        },
        {
            "camera_to_world": [
                -0.996917333733128,
                0.07674457624193547,
                -0.01631256325280868,
                -9.983288710718911,
                -0.07845909572784489,
                -0.9751322981210018,
                0.20727076846198725,
                126.8497102987362,
                0.0,
                0.2079116908177595,
                0.9781476007338056,
                654.5663316490891,
                0.0,
                0.0,
                0.0,
                1.0
            ],
            "fov": 20.0,
            "aspect": 1
        },
        {
