{
    "_target": [
        0.0,
        0.0,
        59.49
    ],
    "_radius": 612.0,
    "_elevation": 78.0,
    "camera_type": "perspective",
    "render_height": 1024,
    "render_width": 1024,
    "fps": 24,
    "camera_path": [
        {
            "camera_to_world": [
                0.0,
                -0.9781476007338056,
                0.20791169081775945,
                127.2419547804688,
                1.0,
                0.0,
                -0.0,
                0.0,
                -0.0,
                0.20791169081775945,
                0.9781476007338056,
                658.1163316490891,
                0.0,
                0.0,
                0.0,
                1.0
            ],
            "fov": 20.0,
            "aspect": 1
        },
        {
            "camera_to_world": [
                -0.026176948307873146,
                -0.9778124139808155,
                0.20784044467402657,
                127.19835214050428,
                0.9996573249755573,
                -0.02560491918187897,
                0.005442493583138993,
                3.3308060728810647,
                0.0,
                0.20791169081775945,
                0.9781476007338056,
                658.1163316490891,
                0.0,
                0.0,
                0.0,
                1.0
            ],
            "fov": 20.0,
            "aspect": 1
        },
        {
            "camera_to_world": [
                -0.05233595624294382,
                -0.976807083442103,
                0.20762675507137593,
                127.06757410368209,
                0.9986295347545738,
                -0.05119229003114494,
                0.010881257153034724,
                6.659329377657253,
                0.0,
                0.20791169081775948,
                0.9781476007338056,
                658.1163316490891,
                0.0,
                0.0,
                0.0,
                1.0
            ],
            "fov": 20.0,
            "aspect": 1
        },
        {
            "camera_to_world": [
                -0.07845909572784493,
                -0.9751322981210018,
                0.2072707684619872,
                126.84971029873618,
                0.996917333733128,
                -0.07674457624193551,
                0.016312563252808686,
                9.983288710718918,
                0.0,
                0.20791169081775945,
                0.9781476007338056,
                658.1163316490891,
                0.0,
                0.0,
                0.0,
                1.0
            ],
            "fov": 20.0,
            "aspect": 1
        },
        {
            "camera_to_world": [
                -0.1045284632676535,
                -0.9727892058317135,
                0.20677272882130052,
                126.54491003863595,
                0.9945218953682734,
                -0.10224426555364699,
                0.021732689536559893,
                13.300405996374657,
                0.0,
                0.2079116908177594,
                0.9781476007338056,
                658.1163316490891,
                0.0,
                0.0,
                0.0,
                1.0
            ],
            "fov": 20.0,
            "aspect": 1
        },
        {
            "camera_to_world": [
                -0.13052619222005163,
                -0.9697794124126532,
                0.20613297748080797,
                126.1533822182545,
                0.9914448613738104,
                -0.12767388175296304,
                0.027137921320474802,
                16.608407848130582,
                0.0,
                0.20791169081775937,
                0.9781476007338056,
                658.1163316490891,
                0.0,
                0.0,
                0.0,
                1.0
            ],
            "fov": 20.0,
            "aspect": 1
        },
        {
            "camera_to_world": [
                -0.1564344650402309,
                -0.9661049806258878,
                0.20535195289412214,
                125.67539517120277,
                0.9876883405951378,
                -0.15301599665117824,
                0.03252455412868608,
                19.905027126755883,
                0.0,
                0.20791169081775945,
                0.9781476007338056,
                658.1163316490891,
                0.0,
                0.0,
                0.0,
                1.0
            ],
            "fov": 20.0,
            "aspect": 1
        },
        {
            "camera_to_world": [
                -0.18223552549214747,
                -0.9617684287434219,
                0.20443019033648158,
                125.11127648592675,
                0.9832549075639546,
                -0.17825324202860832,
                0.03788889623213529,
                23.1880044940668,
                0.0,
                0.20791169081775945,
                0.9781476007338056,
                658.1163316490891,
                0.0,
                0.0,
                0.0,
                1.0
            ],
            "fov": 20.0,
            "aspect": 1
        },
        {
            "camera_to_world": [
                -0.20791169081775931,
                -0.9567727288213005,
                0.20336832153790022,
                124.46141278119495,
                0.9781476007338056,
                -0.2033683215379001,
                0.043227271178699574,
                26.455089961364145,
                0.0,
                0.20791169081775948,
                0.9781476007338056,
                658.1163316490891,
                0.0,
                0.0,
                0.0,
                1.0
            ],
            "fov": 20.0,
            "aspect": 1
        },
        {
            "camera_to_world": [
                -0.23344536385590545,
                -0.9511213046627089,
                0.2021670742502111,
                123.72624944112923,
                0.9723699203976766,
                -0.2283440225580842,
                0.04853602031284837,
                29.70404443146321,
                0.0,
                0.20791169081775948,
                0.9781476007338056,
                658.1163316490891,
                0.0,
                0.0,
                0.0,
                1.0
            ],
            "fov": 20.0,
            "aspect": 1
        },
        {
            "camera_to_world": [
                -0.2588190451025207,
                -0.9448180294714709,
                0.20082727174830162,
                122.90629030996061,
                0.9659258262890683,
                -0.25316322799124524,
                0.05381150528310303,
                32.93264123325906,
                0.0,
                0.20791169081775948,
                0.9781476007338056,
                658.1163316490891,
                0.0,
                0.0,
                0.0,
                1.0
            ],
            "fov": 20.0,
            "aspect": 1
        },
        {
            "camera_to_world": [
                -0.2840153447039226,
                -0.9378672231975467,
                0.19934983226588185,
                122.00209734671971,
                0.958819734868193,
                -0.27780892799372664,
                0.059050110535581325,
                36.138667647775776,
                0.0,
                0.20791169081775945,
                0.9781476007338056,
                658.1163316490891,
                0.0,
                0.0,
                0.0,
                1.0
            ],
            "fov": 20.0,
            "aspect": 1
        },
        {
            "camera_to_world": [
                -0.30901699437494745,
                -0.9302736495763559,
                0.19773576836617338,
                121.01429024009813,
                0.9510565162951535,
                -0.30226423163382676,
                0.06424824579191739,
                39.319926424653445,
                0.0,
                0.20791169081775945,
                0.9781476007338056,
                658.1163316490891,
                0.0,
                0.0,
                0.0,
                1.0
            ],
            "fov": 20.0,
            "aspect": 1
        },
        {
            "camera_to_world": [
                -0.3338068592337711,
                -0.9220425128639513,
                0.1959861862479487,
                119.94354598374463,
                0.9426414910921784,
                -0.3265123784680004,
                0.06940234850985916,
                42.47423728803381,
                0.0,
                0.20791169081775945,
                0.9781476007338056,
                658.1163316490891,
                0.0,
                0.0,
                0.0,
                1.0
            ],
            "fov": 20.0,
            "aspect": 1
        },
        {
            "camera_to_world": [
                -0.3583679495453004,
                -0.9131794542702809,
                0.19410228498739815,
                118.7905984122877,
                0.9335804264972016,
                -0.35053675002762913,
                0.07450888632485689,
                45.59943843081243,
                0.0,
                0.20791169081775943,
                0.9781476007338056,
                658.1163316490891,
                0.0,
                0.0,
                0.0,
                1.0
            ],
            "fov": 20.0,
            "aspect": 1
        },
        {
            "camera_to_world": [
                -0.38268343236508984,
                -0.9036905480929851,
                0.19208535571634275,
                117.55623769840179,
                0.9238795325112867,
                -0.37432088120849016,
                0.0795643594709695,
                48.69338799623334,
                0.0,
                0.20791169081775943,
                0.9781476007338056,
                658.1163316490891,
                0.0,
                0.0,
                0.0,
                1.0
            ],
            "fov": 20.0,
            "aspect": 1
        },
        {
            "camera_to_world": [
                -0.4067366430758003,
                -0.8935822975543766,
                0.18993678073735693,
                116.24130981126247,
                0.9135454576426009,
                -0.3978484715551164,
                0.08456530317942915,
                51.75396554581065,
                0.0,
                0.2079116908177594,
                0.9781476007338056,
                658.1163316490891,
                0.0,
                0.0,
                0.0,
                1.0
            ],
            "fov": 20.0,
            "aspect": 1
        },
        {
            "camera_to_world": [
                -0.43051109680829525,
                -0.8828616303444559,
                0.1876580325764077,
                114.84671593676153,
                0.9025852843498606,
                -0.4211033964323131,
                0.08950829005322078,
                54.779073512571124,
                0.0,
                0.20791169081775945,
                0.9781476007338056,
                658.1163316490891,
                0.0,
                0.0,
                0.0,
                1.0
            ],
            "fov": 20.0,
            "aspect": 1
        },
        {
            "camera_to_world": [
                -0.45399049973954686,
                -0.8715358938730196,
                0.18525067297365838,
                113.37341185987896,
                0.8910065241883678,
                -0.4440697180761792,
                0.09438993241604875,
                57.76663863862184,
                0.0,
                0.2079116908177594,
                0.9781476007338056,
                658.1163316490891,
                0.0,
                0.0,
                0.0,
                1.0
            ],
            "fov": 20.0,
            "aspect": 1
        },
        {
            "camera_to_world": [
                -0.4771587602596084,
                -0.859612850234112,
                0.1827163518131306,
                111.82240730963593,
                0.8788171126619655,
                -0.4667316965170531,
                0.09920688463408109,
                60.714613396057636,
                0.0,
                0.20791169081775943,
                0.9781476007338056,
                658.1163316490891,
                0.0,
                0.0,
                0.0,
                1.0
            ],
            "fov": 20.0,
            "aspect": 1
        },
        {
            "camera_to_world": [
                -0.49999999999999994,
                -0.8471006708862739,
                0.18005680599195548,
                110.19476526707678,
                0.8660254037844387,
                -0.48907380036690273,
                0.1039558454088797,
                63.62097739023439,
                0.0,
                0.20791169081775943,
                0.9781476007338056,
                658.1163316490891,
                0.0,
                0.0,
                0.0,
                1.0
            ],
            "fov": 20.0,
            "aspect": 1
        },
        {
            "camera_to_world": [
                -0.5224985647159488,
                -0.834007931052233,
                0.1772738582299916,
                108.49160123675487,
                0.8526401643540923,
                -0.5110807174637624,
                0.1086335600399454,
                66.4837387444466,
                0.0,
                0.2079116908177594,
                0.9781476007338056,
                658.1163316490891,
                0.0,
                0.0,
                0.0,
                1.0
            ],
            "fov": 20.0,
            "aspect": 1
        },
        {
            "camera_to_world": [
                -0.544639035015027,
                -0.8203436038418748,
                0.17436941582062374,
                106.71408248222174,
                0.8386705679454242,
                -0.5327373653659238,
                0.11323682265532714,
                69.30093546506022,
                0.0,
                0.20791169081775945,
                0.9781476007338056,
                658.1163316490891,
                0.0,
                0.0,
                0.0,
                1.0
            ],
            "fov": 20.0,
            "aspect": 1
        },
        {
            "camera_to_world": [
                -0.5664062369248326,
                -0.8061170541025205,
                0.17134546932359904,
                104.86342722604263,
                0.8241261886220158,
                -0.5540289016886886,
                0.1177624784087664,
                72.07063678616505,
                0.0,
                0.20791169081775948,
                0.9781476007338056,
                658.1163316490891,
                0.0,
                0.0,
                0.0,
                1.0
            ],
            "fov": 20.0,
            "aspect": 1
        },
        {
            "camera_to_world": [
                -0.587785252292473,
                -0.7913380320007296,
                0.16820409120079713,
                102.94090381488786,
                0.8090169943749476,
                -0.5749407342765971,
                0.12220742564187138,
                74.7909444928253,
                0.0,
                0.20791169081775945,
                0.9781476007338056,
                658.1163316490891,
                0.0,
                0.0,
                0.0,
                1.0
            ],
            "fov": 20.0,
            "aspect": 1
        },
        {
            "camera_to_world": [
                -0.6087614290087207,
                -0.7760166663400222,
                0.164947434395868,
                100.94782985027123,
                0.7933533402912353,
                -0.595458531204163,
                0.12656861800983854,
                77.4599942220212,
                0.0,
                0.20791169081775945,
                0.9781476007338056,
                658.1163316490891,
                0.0,
                0.0,
                0.0,
                1.0
            ],
            "fov": 20.0,
            "aspect": 1
        },
        {
            "camera_to_world": [
                -0.6293203910498374,
                -0.7601634576191028,
                0.16157773085871216,
                98.88557128553185,
                0.777145961456971,
                -0.6155682305982587,
                0.13084306656926525,
                80.07595674039035,
                0.0,
                0.20791169081775948,
                0.9781476007338056,
                658.1163316490891,
                0.0,
                0.0,
                0.0,
                1.0
            ],
            "fov": 20.0,
            "aspect": 1
        },
        {
            "camera_to_world": [
                -0.6494480483301835,
                -0.7437892708353431,
                0.1580972900158135,
                96.75554148967788,
                0.760405965600031,
                -0.6352560502754216,
                0.13502784182662242,
                82.63703919789293,
                0.0,
                0.20791169081775945,
                0.9781476007338056,
                658.1163316490891,
                0.0,
                0.0,
                0.0,
                1.0
            ],
            "fov": 20.0,
            "aspect": 1
        },
        {
            "camera_to_world": [
                -0.6691306063588582,
                -0.7269053280384559,
                0.1545084971874738,
                94.559200278734,
                0.7431448254773942,
                -0.6545084971874737,
                0.13912007574598284,
                85.1414863565415,
                0.0,
                0.20791169081775945,
                0.9781476007338056,
                658.1163316490891,
                0.0,
                0.0,
                0.0,
                1.0
            ],
            "fov": 20.0,
            "aspect": 1
        },
        {
            "camera_to_world": [
                -0.6883545756937539,
                -0.7095232006394626,
                0.1508138119530335,
                92.29805291525652,
                0.7253743710122877,
                -0.6733123766689821,
                0.14311696371462976,
                87.58758179335344,
                0.0,
                0.20791169081775945,
                0.9781476007338056,
                658.1163316490891,
                0.0,
                0.0,
                0.0,
                1.0
            ],
            "fov": 20.0,
            "aspect": 1
        },
        {
            "camera_to_world": [
                -0.7071067811865474,
                -0.6916548014802256,
                0.1470157664651986,
                89.97364907670155,
                0.7071067811865476,
                -0.6916548014802254,
                0.14701576646519854,
                89.97364907670152,
                0.0,
                0.2079116908177595,
                0.9781476007338056,
                658.1163316490891,
                0.0,
                0.0,
                0.0,
                1.0
            ],
            "fov": 20.0,
            "aspect": 1
        },
        {
            "camera_to_world": [
                -0.7253743710122876,
                -0.6733123766689822,
                0.14311696371462979,
                87.58758179335345,
                0.688354575693754,
                -0.7095232006394625,
                0.15081381195303348,
                92.2980529152565,
                0.0,
                0.20791169081775945,
                0.9781476007338056,
                658.1163316490891,
                0.0,
                0.0,
                0.0,
                1.0
            ],
            "fov": 20.0,
            "aspect": 1
        },
        {
            "camera_to_world": [
                -0.7431448254773941,
                -0.6545084971874737,
                0.13912007574598284,
                85.1414863565415,
                0.6691306063588581,
                -0.7269053280384559,
                0.1545084971874738,
                94.55920027873398,
                0.0,
                0.20791169081775948,
                0.9781476007338056,
                658.1163316490891,
                0.0,
                0.0,
                0.0,
                1.0
            ],
            "fov": 20.0,
            "aspect": 1
        },
        {
            "camera_to_world": [
                -0.7604059656000309,
                -0.6352560502754218,
                0.13502784182662245,
                82.63703919789295,
                0.6494480483301835,
                -0.7437892708353431,
                0.1580972900158135,
                96.75554148967787,
                0.0,
                0.20791169081775948,
                0.9781476007338056,
                658.1163316490891,
                0.0,
                0.0,
                0.0,
                1.0
            ],
            "fov": 20.0,
            "aspect": 1
        },
        {
            "camera_to_world": [
                -0.777145961456971,
                -0.6155682305982587,
                0.13084306656926525,
                80.07595674039035,
                0.6293203910498374,
                -0.7601634576191028,
                0.16157773085871216,
                98.88557128553185,
                0.0,
                0.20791169081775948,
                0.9781476007338056,
                658.1163316490891,
                0.0,
                0.0,
                0.0,
                1.0
            ],
            "fov": 20.0,
            "aspect": 1
        },
        {
            "camera_to_world": [
                -0.7933533402912352,
                -0.595458531204163,
                0.12656861800983854,
                77.45999422202121,
                0.6087614290087205,
                -0.7760166663400222,
                0.164947434395868,
                100.94782985027123,
                0.0,
                0.20791169081775948,
                0.9781476007338056,
                658.1163316490891,
                0.0,
                0.0,
                0.0,
                1.0
            ],
            "fov": 20.0,
            "aspect": 1
        },
        {
            "camera_to_world": [
                -0.8090169943749475,
                -0.5749407342765972,
                0.12220742564187138,
                74.7909444928253,
                0.5877852522924731,
                -0.7913380320007295,
                0.1682040912007971,
                102.94090381488785,
                0.0,
                0.20791169081775945,
                0.9781476007338056,
                658.1163316490891,
                0.0,
                0.0,
                0.0,
                1.0
            ],
            "fov": 20.0,
            "aspect": 1
        },
        {
            "camera_to_world": [
                -0.8241261886220157,
                -0.5540289016886888,
                0.11776247840876646,
                72.07063678616508,
                0.5664062369248329,
                -0.8061170541025203,
                0.171345469323599,
                104.86342722604262,
                0.0,
                0.20791169081775945,
                0.9781476007338056,
                658.1163316490891,
                0.0,
                0.0,
                0.0,
                1.0
            ],
            "fov": 20.0,
            "aspect": 1
        },
        {
            "camera_to_world": [
                -0.838670567945424,
                -0.532737365365924,
                0.11323682265532718,
                69.30093546506025,
                0.5446390350150272,
                -0.8203436038418747,
                0.1743694158206237,
                106.71408248222173,
                0.0,
                0.20791169081775945,
                0.9781476007338056,
                658.1163316490891,
                0.0,
                0.0,
                0.0,
                1.0
            ],
            "fov": 20.0,
            "aspect": 1
        },
        {
            "camera_to_world": [
                -0.8526401643540922,
                -0.5110807174637626,
                0.10863356003994545,
                66.48373874444663,
                0.522498564715949,
                -0.8340079310522329,
                0.1772738582299916,
                108.49160123675487,
                0.0,
                0.20791169081775943,
                0.9781476007338056,
                658.1163316490891,
                0.0,
                0.0,
                0.0,
                1.0
            ],
            "fov": 20.0,
            "aspect": 1
        },
        {
            "camera_to_world": [
                -0.8660254037844385,
                -0.48907380036690296,
                0.10395584540887974,
                63.620977390234415,
                0.5000000000000001,
                -0.8471006708862738,
                0.18005680599195545,
                110.19476526707676,
                0.0,
                0.20791169081775943,
                0.9781476007338056,
                658.1163316490891,
                0.0,
                0.0,
                0.0,
                1.0
            ],
            "fov": 20.0,
            "aspect": 1
        },
        {
            "camera_to_world": [
                -0.8788171126619654,
                -0.46673169651705326,
                0.09920688463408113,
                60.714613396057665,
                0.47715876025960857,
                -0.8596128502341119,
                0.1827163518131306,
                111.82240730963593,
                0.0,
                0.20791169081775945,
                0.9781476007338056,
                658.1163316490891,
                0.0,
                0.0,
                0.0,
                1.0
            ],
            "fov": 20.0,
            "aspect": 1
        },
        {
            "camera_to_world": [
                -0.8910065241883678,
                -0.44406971807617923,
                0.09438993241604876,
                57.766638638621856,
                0.4539904997395469,
                -0.8715358938730196,
                0.18525067297365838,
                113.37341185987896,
                0.0,
                0.20791169081775943,
                0.9781476007338056,
                658.1163316490891,
                0.0,
                0.0,
                0.0,
                1.0
            ],
            "fov": 20.0,
            "aspect": 1
        },
        {
            "camera_to_world": [
                -0.9025852843498606,
                -0.4211033964323131,
                0.08950829005322078,
                54.77907351257113,
                0.43051109680829525,
                -0.8828616303444559,
                0.1876580325764077,
                114.84671593676153,
                0.0,
                0.20791169081775945,
                0.9781476007338056,
                658.1163316490891,
                0.0,
                0.0,
                0.0,
                1.0
            ],
            "fov": 20.0,
            "aspect": 1
        },
        {
            "camera_to_world": [
                -0.9135454576426008,
                -0.3978484715551165,
                0.08456530317942917,
                51.753965545810665,
                0.40673664307580043,
                -0.8935822975543765,
                0.18993678073735693,
                116.24130981126247,
                0.0,
                0.2079116908177594,
                0.9781476007338056,
                658.1163316490891,
                0.0,
                0.0,
                0.0,
                1.0
            ],
            "fov": 20.0,
            "aspect": 1
        },
        {
            "camera_to_world": [
                -0.9238795325112867,
                -0.3743208812084902,
                0.07956435947096951,
                48.693387996233355,
                0.3826834323650899,
                -0.9036905480929851,
                0.19208535571634275,
                117.55623769840179,
                0.0,
                0.20791169081775943,
                0.9781476007338056,
                658.1163316490891,
                0.0,
                0.0,
                0.0,
                1.0
            ],
            "fov": 20.0,
            "aspect": 1
        },
        {
            "camera_to_world": [
                -0.9335804264972019,
                -0.35053675002762913,
                0.07450888632485692,
                45.59943843081244,
                0.35836794954530043,
                -0.9131794542702809,
                0.1941022849873982,
                118.79059841228772,
                0.0,
                0.2079116908177595,
                0.9781476007338056,
                658.1163316490891,
                0.0,
                0.0,
                0.0,
                1.0
            ],
            "fov": 20.0,
            "aspect": 1
        },
        {
            "camera_to_world": [
                -0.9426414910921784,
                -0.3265123784680002,
                0.06940234850985913,
                42.4742372880338,
                0.3338068592337709,
                -0.9220425128639513,
                0.19598618624794875,
                119.94354598374466,
                0.0,
                0.20791169081775945,
                0.9781476007338056,
                658.1163316490891,
                0.0,
                0.0,
                0.0,
                1.0
            ],
            "fov": 20.0,
            "aspect": 1
        },
        {
            "camera_to_world": [
                -0.9510565162951535,
                -0.30226423163382676,
                0.06424824579191739,
                39.31992642465345,
                0.30901699437494745,
                -0.9302736495763559,
                0.19773576836617338,
                121.01429024009813,
                0.0,
                0.20791169081775945,
                0.9781476007338056,
                658.1163316490891,
                0.0,
                0.0,
                0.0,
                1.0
            ],
            "fov": 20.0,
            "aspect": 1
        },
        {
            "camera_to_world": [
                -0.9588197348681929,
                -0.2778089279937268,
                0.05905011053558136,
                36.1386676477758,
                0.2840153447039227,
                -0.9378672231975467,
                0.19934983226588185,
                122.00209734671971,
                0.0,
                0.20791169081775948,
                0.9781476007338056,
                658.1163316490891,
                0.0,
                0.0,
                0.0,
                1.0
            ],
            "fov": 20.0,
            "aspect": 1
        },
        {
            "camera_to_world": [
                -0.9659258262890683,
                -0.25316322799124524,
                0.05381150528310303,
                32.93264123325906,
                0.2588190451025207,
                -0.9448180294714709,
                0.20082727174830162,
                122.90629030996061,
                0.0,
                0.20791169081775948,
                0.9781476007338056,
                658.1163316490891,
                0.0,
                0.0,
                0.0,
                1.0
            ],
            "fov": 20.0,
            "aspect": 1
        },
        {
            "camera_to_world": [
                -0.9723699203976766,
                -0.22834402255808425,
                0.048536020312848385,
                29.704044431463217,
                0.2334453638559055,
                -0.9511213046627089,
                0.2021670742502111,
                123.72624944112923,
                0.0,
                0.20791169081775948,
                0.9781476007338056,
                658.1163316490891,
                0.0,
                0.0,
                0.0,
                1.0
            ],
            "fov": 20.0,
            "aspect": 1
        },
        {
            "camera_to_world": [
                -0.9781476007338056,
                -0.20336832153790002,
                0.04322727117869956,
                26.455089961364134,
                0.20791169081775923,
                -0.9567727288213005,
                0.20336832153790024,
                124.46141278119497,
                0.0,
                0.20791169081775948,
                0.9781476007338056,
                658.1163316490891,
                0.0,
                0.0,
                0.0,
                1.0
            ],
            "fov": 20.0,
            "aspect": 1
        },
        {
            "camera_to_world": [
                -0.9832549075639546,
                -0.17825324202860832,
                0.03788889623213528,
                23.188004494066796,
                0.18223552549214744,
                -0.961768428743422,
                0.20443019033648158,
                125.11127648592675,
                0.0,
                0.20791169081775948,
                0.9781476007338056,
                658.1163316490891,
                0.0,
                0.0,
                0.0,
                1.0
            ],
            "fov": 20.0,
            "aspect": 1
        },
        {
            "camera_to_world": [
                -0.9876883405951378,
                -0.15301599665117827,
                0.03252455412868609,
                19.90502712675589,
                0.15643446504023092,
                -0.9661049806258878,
                0.20535195289412214,
                125.67539517120277,
                0.0,
                0.20791169081775945,
                0.9781476007338056,
                658.1163316490891,
                0.0,
                0.0,
                0.0,
                1.0
            ],
            "fov": 20.0,
            "aspect": 1
        },
        {
            "camera_to_world": [
                -0.9914448613738104,
                -0.12767388175296293,
                0.027137921320474784,
                16.60840784813057,
                0.13052619222005152,
                -0.9697794124126532,
                0.206132977480808,
                126.15338221825452,
                0.0,
                0.2079116908177594,
                0.9781476007338056,
                658.1163316490891,
                0.0,
                0.0,
                0.0,
                1.0
            ],
            "fov": 20.0,
            "aspect": 1
        },
        {
            "camera_to_world": [
                -0.9945218953682734,
                -0.10224426555364698,
                0.02173268953655989,
                13.300405996374655,
                0.10452846326765347,
                -0.9727892058317135,
                0.20677272882130052,
                126.54491003863595,
                0.0,
                0.2079116908177594,
                0.9781476007338056,
                658.1163316490891,
                0.0,
                0.0,
                0.0,
                1.0
            ],
            "fov": 20.0,
            "aspect": 1
        },
        {
            "camera_to_world": [
                -0.996917333733128,
                -0.07674457624193558,
                0.016312563252808703,
                9.983288710718927,
                0.07845909572784501,
                -0.9751322981210017,
                0.2072707684619872,
                126.84971029873618,
                0.0,
                0.20791169081775943,
                0.9781476007338056,
                658.1163316490891,
                0.0,
                0.0,
                0.0,
                1.0
            ],
            "fov": 20.0,
            "aspect": 1
        },
        {
            "camera_to_world": [
                -0.9986295347545738,
                -0.05119229003114487,
                0.010881257153034708,
                6.659329377657243,
                0.05233595624294375,
                -0.976807083442103,
                0.20762675507137593,
                127.06757410368209,
                0.0,
                0.20791169081775948,
                0.9781476007338056,
                658.1163316490891,
                0.0,
                0.0,
                0.0,
                1.0
            ],
            "fov": 20.0,
            "aspect": 1
        },
        {
            "camera_to_world": [
                -0.9996573249755573,
                -0.025604919181878957,
                0.005442493583138991,
                3.330806072881063,
                0.02617694830787313,
                -0.9778124139808155,
                0.20784044467402657,
                127.19835214050428,
                0.0,
                0.20791169081775945,
                0.9781476007338056,
                658.1163316490891,
                0.0,
                0.0,
                0.0,
                1.0
            ],
            "fov": 20.0,
            "aspect": 1
        },
        {
            "camera_to_world": [
                -1.0,
                -2.770866639799211e-16,
                5.889658858018882e-17,
                3.6044712211075564e-14,
                2.8327694488239903e-16,
                -0.9781476007338056,
                0.2079116908177594,
                127.24195478046877,
                0.0,
                0.2079116908177594,
                0.9781476007338056,
                658.1163316490891,
                0.0,
                0.0,
                0.0,
                1.0
            ],
            "fov": 20.0,
            "aspect": 1
        },
        {
            "camera_to_world": [
                -0.9996573249755573,
                0.02560491918187884,
                -0.005442493583138966,
                -3.3308060728810474,
                -0.02617694830787301,
                -0.9778124139808156,
                0.20784044467402657,
                127.19835214050428,
                0.0,
                0.20791169081775948,
                0.9781476007338056,
                658.1163316490891,
                0.0,
                0.0,
                0.0,
                1.0
            ],
            "fov": 20.0,
            "aspect": 1
        },
        {
            "camera_to_world": [
                -0.9986295347545738,
                0.05119229003114472,
                -0.01088125715303468,
                -6.659329377657226,
                -0.0523359562429436,
                -0.976807083442103,
                0.20762675507137598,
                127.06757410368212,
                0.0,
                0.2079116908177595,
                0.9781476007338056,
                658.1163316490891,
                0.0,
                0.0,
                0.0,
                1.0
            ],
            "fov": 20.0,
            "aspect": 1
        },
        {
            "camera_to_world": [
                -0.996917333733128,
                0.07674457624193545,
                -0.016312563252808675,
                -9.983288710718911,
                -0.07845909572784487,
                -0.9751322981210018,
                0.20727076846198722,
                126.8497102987362,
                0.0,
                0.20791169081775948,
                0.9781476007338056,
                658.1163316490891,
                0.0,
                0.0,
                0.0,
                1.0
            ],
            "fov": 20.0,
            "aspect": 1
        },
        {
