{
    "_target": [
        0.0,
        0.0,
        54.5
    ],
    "_radius": 328.58636612008115,
    "_elevation": 17.71809967124576,
    "camera_type": "perspective",
    "render_height": 1024,
    "render_width": 1024,
    "fps": 30,
    "camera_path": [
        {
            "camera_to_world": [
                0.0,
                -0.30433399042325215,
                0.9525653900247794,
                313.00000000000006,
                1.0,
                0.0,
                -0.0,
                0.0,
                -0.0,
                0.9525653900247794,
                0.30433399042325215,
                154.5,
                0.0,
                0.0,
                0.0,
                1.0
            ],
            "fov": 20.0,
            "aspect": 1
        },
        {
            "camera_to_world": [
                -0.020942419883356954,
                -0.3042672449499861,
                0.9523564766934567,
                312.93135392762673,
                0.9997806834748455,
                -0.0063734902122212795,
                0.01994902436425261,
                6.554977423490728,
                0.0,
                0.9525653900247794,
                0.3043339904232521,
                154.5,
                0.0,
                0.0,
                0.0,
                1.0
            ],
            "fov": 20.0,
            "aspect": 1
        },
        {
            "camera_to_world": [
                -0.041875653729199616,
                -0.3040670378069585,
                0.9517298283357803,
                312.72544582094275,
                0.9991228300988584,
                -0.012744184800989657,
                0.03988929842709764,
                13.107079617239485,
                0.0,
                0.9525653900247794,
                0.3043339904232521,
                154.5,
                0.0,
                0.0,
                0.0,
                1.0
            ],
            "fov": 20.0,
            "aspect": 1
        },
        {
            "camera_to_world": [
                -0.06279051952931337,
                -0.30373345681163927,
                0.9506857198204309,
                312.382365998049,
                0.9980267284282716,
                -0.019109289369105085,
                0.05981207572529891,
                19.653432612675086,
                0.0,
                0.9525653900247792,
                0.30433399042325215,
                154.5,
                0.0,
                0.0,
                0.0,
                1.0
            ],
            "fov": 20.0,
            "aspect": 1
        },
        {
            "camera_to_world": [
                -0.08367784333231548,
                -0.30326664828367783,
                0.9492246091279116,
                311.9022649450949,
                0.9964928592495043,
                -0.025466011971335297,
                0.07970861747027948,
                26.19116496301475,
                0.0,
                0.9525653900247794,
                0.30433399042325215,
                154.5,
                0.0,
                0.0,
                0.0,
                1.0
            ],
            "fov": 20.0,
            "aspect": 1
        },
        {
            "camera_to_world": [
                -0.1045284632676535,
                -0.3026668169807227,
                0.947347137149662,
                311.28535325026957,
                0.9945218953682734,
                -0.031811564339055326,
                0.09957019638124316,
                32.71740900277555,
                0.0,
                0.9525653900247792,
                0.30433399042325215,
                154.5,
                0.0,
                0.0,
                0.0,
                1.0
            ],
            "fov": 20.0,
            "aspect": 1
        },
        {
            "camera_to_world": [
                -0.12533323356430426,
                -0.301934226008608,
                0.945054127406943,
                310.53190151143156,
                0.9921147013144779,
                -0.038143163103274196,
                0.11938810051324823,
                39.229302105627234,
                0.0,
                0.9525653900247794,
                0.30433399042325215,
                154.5,
                0.0,
                0.0,
                0.0,
                1.0
            ],
            "fov": 20.0,
            "aspect": 1
        },
        {
            "camera_to_world": [
                -0.14608302856241162,
                -0.3010691967059464,
                0.9423465856896124,
                309.6422402174154,
                0.9892723329629883,
                -0.04445803101551265,
                0.1391536370785546,
                45.723987940034846,
                0.0,
                0.9525653900247794,
                0.30433399042325215,
                154.5,
                0.0,
                0.0,
                0.0,
                1.0
            ],
            "fov": 20.0,
            "aspect": 1
        },
        {
            "camera_to_world": [
                -0.16676874671610226,
                -0.30007210850317967,
                0.9392256996149523,
                308.61675960306803,
                0.9859960370705049,
                -0.050753398165996035,
                0.1588581362595676,
                52.198617722140014,
                0.0,
                0.9525653900247792,
                0.3043339904232522,
                154.5,
                0.0,
                0.0,
                0.0,
                1.0
            ],
            "fov": 20.0,
            "aspect": 1
        },
        {
            "camera_to_world": [
                -0.1873813145857246,
                -0.2989433987561474,
                0.9356928381067415,
                307.4559094780796,
                0.9822872507286886,
                -0.05702650319862831,
                0.17849295501170664,
                58.650351465331816,
                0.0,
                0.9525653900247792,
                0.30433399042325215,
                154.5,
                0.0,
                0.0,
                0.0,
                1.0
            ],
            "fov": 20.0,
            "aspect": 1
        },
        {
            "camera_to_world": [
                -0.20791169081775934,
                -0.2976835625542491,
                0.9317495507947997,
                306.1601990296812,
                0.9781476007338056,
                -0.06327459452221415,
                0.19804948085453025,
                65.07635922595868,
                0.0,
                0.9525653900247794,
                0.30433399042325215,
                154.5,
                0.0,
                0.0,
                0.0,
                1.0
            ],
            "fov": 20.0,
            "aspect": 1
        },
        {
            "camera_to_world": [
                -0.22835087011065572,
                -0.2962931525032807,
                0.9273975673352686,
                304.73019659929923,
                0.9735789028731603,
                -0.06949493151739759,
                0.21751913564945446,
                71.47382234463525,
                0.0,
                0.9525653900247794,
                0.3043339904232521,
                154.5,
                0.0,
                0.0,
                0.0,
                1.0
            ],
            "fov": 20.0,
            "aspect": 1
        },
        {
            "camera_to_world": [
                -0.2486898871648548,
                -0.29477277848304406,
                0.922638796651928,
                303.16652943326164,
                0.9685831611286312,
                -0.07568478573878856,
                0.23689337936240823,
                77.83993468259958,
                0.0,
                0.9525653900247794,
                0.30433399042325204,
                154.5,
                0.0,
                0.0,
                0.0,
                1.0
            ],
            "fov": 20.0,
            "aspect": 1
        },
        {
            "camera_to_world": [
                -0.2689198206152657,
                -0.2931231073798334,
                0.9174753260988787,
                301.4698834076671,
                0.9631625667976581,
                -0.08184144211174894,
                0.25616371380977426,
                84.1719038525782,
                0.0,
                0.9525653900247794,
                0.30433399042325204,
                154.5,
                0.0,
                0.0,
                0.0,
                1.0
            ],
            "fov": 20.0,
            "aspect": 1
        },
        {
            "camera_to_world": [
                -0.2890317969444716,
                -0.2913448627939167,
                0.9119094205449594,
                299.6410027275371,
                0.9573194975320674,
                -0.08796220012331417,
                0.27532168638597343,
                90.46695244361965,
                0.0,
                0.9525653900247794,
                0.3043339904232521,
                154.5,
                0.0,
                0.0,
                0.0,
                1.0
            ],
            "fov": 20.0,
            "aspect": 1
        },
        {
            "camera_to_world": [
                -0.30901699437494745,
                -0.28943882472214083,
                0.9059435213803008,
                297.6806896003831,
                0.9510565162951535,
                -0.09404437500672742,
                0.29435889377105684,
                96.72231923935857,
                0.0,
                0.9525653900247794,
                0.3043339904232521,
                154.5,
                0.0,
                0.0,
                0.0,
                1.0
            ],
            "fov": 20.0,
            "aspect": 1
        },
        {
            "camera_to_world": [
                -0.3288666467385832,
                -0.28740582921579916,
                0.8995802454454516,
                295.5898038843317,
                0.944376370237481,
                -0.10008529891906702,
                0.3132669856166798,
                102.93526042917657,
                0.0,
                0.9525653900247794,
                0.3043339904232521,
                154.5,
                0.0,
                0.0,
                0.0,
                1.0
            ],
            "fov": 20.0,
            "aspect": 1
        },
        {
            "camera_to_world": [
                -0.34857204732181524,
                -0.2852467680139121,
                0.8928223838835447,
                293.36926271096206,
                0.9372819894918915,
                -0.10608232211145073,
                0.3320376682088408,
                109.10305081172818,
                0.0,
                0.9525653900247794,
                0.30433399042325215,
                154.5,
                0.0,
                0.0,
                0.0,
                1.0
            ],
            "fov": 20.0,
            "aspect": 1
        },
        {
            "camera_to_world": [
                -0.368124552684678,
                -0.2829625881520802,
                0.8856729009160109,
                291.0200400830227,
                0.9297764858882513,
                -0.11203281409130278,
                0.3506627081057777,
                115.22298499030423,
                0.0,
                0.9525653900247794,
                0.30433399042325215,
                154.5,
                0.0,
                0.0,
                0.0,
                1.0
            ],
            "fov": 20.0,
            "aspect": 1
        },
        {
            "camera_to_world": [
                -0.38751558645210293,
                -0.28055429154708383,
                0.8781349325423723,
                288.5431664472007,
                0.9218631515885005,
                -0.11793416477617526,
                0.36913393574942854,
                121.29237855950824,
                0.0,
                0.9525653900247794,
                0.30433399042325215,
                154.5,
                0.0,
                0.0,
                0.0,
                1.0
            ],
            "fov": 20.0,
            "aspect": 1
        },
        {
            "camera_to_world": [
                -0.4067366430758002,
                -0.27802293455740884,
                0.8702117851646896,
                285.9397282421341,
                0.9135454576426009,
                -0.12378378563861633,
                0.38744324904886907,
                127.30856928272547,
                0.0,
                0.9525653900247794,
                0.30433399042325215,
                154.5,
                0.0,
                0.0,
                0.0,
                1.0
            ],
            "fov": 20.0,
            "aspect": 1
        },
        {
            "camera_to_world": [
                -0.42577929156507277,
                -0.2753696275198931,
                0.8619069341372653,
                283.21086742186407,
                0.9048270524660194,
                -0.12957911084158397,
                0.4055826169341578,
                133.26891825986777,
                0.0,
                0.9525653900247792,
                0.3043339904232522,
                154.5,
                0.0,
                0.0,
                0.0,
                1.0
            ],
            "fov": 20.0,
            "aspect": 1
        },
        {
            "camera_to_world": [
                -0.4446351791849275,
                -0.2725955342626958,
                0.8532240222422378,
                280.35778095493623,
                0.8957117602394128,
                -0.13531759836390672,
                0.42354408287902806,
                139.1708110848823,
                0.0,
                0.9525653900247792,
                0.30433399042325215,
                154.5,
                0.0,
                0.0,
                0.0,
                1.0
            ],
            "fov": 20.0,
            "aspect": 1
        },
        {
            "camera_to_world": [
                -0.46329603511986167,
                -0.2697018715948043,
                0.8441668580917374,
                277.3817202993702,
                0.8862035792312147,
                -0.14099673111529867,
                0.4413197683908849,
                145.01165899251671,
                0.0,
                0.9525653900247792,
                0.30433399042325215,
                154.5,
                0.0,
                0.0,
                0.0,
                1.0
            ],
            "fov": 20.0,
            "aspect": 1
        },
        {
            "camera_to_world": [
                -0.4817536741017154,
                -0.2666899087723011,
                0.8347394144573024,
                274.28399085372934,
                0.8763066800438636,
                -0.146614018040438,
                0.4589018764665709,
                150.7888999938369,
                0.0,
                0.9525653900247792,
                0.30433399042325215,
                154.5,
                0.0,
                0.0,
                0.0,
                1.0
            ],
            "fov": 20.0,
            "aspect": 1
        },
        {
            "camera_to_world": [
                -0.5000000000000001,
                -0.26356096694162645,
                0.8249458265272906,
                271.0659513845293,
                0.8660254037844386,
                -0.15216699521162613,
                0.4762826950123897,
                156.50000000000003,
                0.0,
                0.9525653900247792,
                0.30433399042325215,
                154.5,
                0.0,
                0.0,
                0.0,
                1.0
            ],
            "fov": 20.0,
            "aspect": 1
        },
        {
            "camera_to_world": [
                -0.5180270093731301,
                -0.2603164185600798,
                0.8147903900930499,
                267.72901343023864,
                0.8553642601605067,
                -0.1576532269095481,
                0.4934546002268857,
                162.14245393378974,
                0.0,
                0.9525653900247794,
                0.30433399042325215,
                154.5,
                0.0,
                0.0,
                0.0,
                1.0
            ],
            "fov": 20.0,
            "aspect": 1
        },
        {
            "camera_to_world": [
                -0.5358267949789965,
                -0.2569576867938146,
                0.8042775596646398,
                264.2746406821307,
                0.8443279255020151,
                -0.16307030669165984,
                0.5104100599448953,
                167.71378682842595,
                0.0,
                0.9525653900247792,
                0.30433399042325215,
                154.5,
                0.0,
                0.0,
                0.0,
                1.0
            ],
            "fov": 20.0,
            "aspect": 1
        },
        {
            "camera_to_world": [
                -0.553391549243344,
                -0.25348624489359073,
                0.7934119465169391,
                260.7043483422612,
                0.8329212407100994,
                -0.16841585844773252,
                0.5271416369414029,
                173.2115549131667,
                0.0,
                0.9525653900247794,
                0.30433399042325215,
                154.5,
                0.0,
                0.0,
                0.0,
                1.0
            ],
            "fov": 20.0,
            "aspect": 1
        },
        {
            "camera_to_world": [
                -0.5707135676844315,
                -0.24990361554855778,
                0.7821983166669859,
                257.01970245884945,
                0.8211492091337041,
                -0.17368753744209384,
                0.5436419921937538,
                178.6333466852271,
                0.0,
                0.9525653900247794,
                0.3043339904232521,
                154.5,
                0.0,
                0.0,
                0.0,
                1.0
            ],
            "fov": 20.0,
            "aspect": 1
        },
        {
            "camera_to_world": [
                -0.5877852522924729,
                -0.24621137021835346,
                0.7706415887834466,
                253.22231923935865,
                0.8090169943749475,
                -0.17888303134210626,
                0.5599038881007928,
                183.9767839675441,
                0.0,
                0.9525653900247792,
                0.3043339904232521,
                154.5,
                0.0,
                0.0,
                0.0,
                1.0
            ],
            "fov": 20.0,
            "aspect": 1
        },
        {
            "camera_to_world": [
                -0.6045991148623747,
                -0.24241112844380958,
                0.7587468320291241,
                249.31386434157352,
                0.7965299180241964,
                -0.18400006123243268,
                0.5759201916575143,
                189.23952295192333,
                0.0,
                0.9525653900247794,
                0.3043339904232521,
                154.5,
                0.0,
                0.0,
                0.0,
                1.0
            ],
            "fov": 20.0,
            "aspect": 1
        },
        {
            "camera_to_world": [
                -0.6211477802783102,
                -0.23850455713656754,
                0.7465192638374565,
                245.29605214298795,
                0.78369345732584,
                -0.1890363826146436,
                0.5916838775838344,
                194.4192552271111,
                0.0,
                0.9525653900247792,
                0.30433399042325215,
                154.5,
                0.0,
                0.0,
                0.0,
                1.0
            ],
            "fov": 20.0,
            "aspect": 1
        },
        {
            "camera_to_world": [
                -0.6374239897486895,
                -0.23449336984791605,
                0.7339642476239772,
                241.17064498882212,
                0.7705132427757893,
                -0.19398978639172887,
                0.6071880314061113,
                199.51370879133987,
                0.0,
                0.9525653900247794,
                0.3043339904232521,
                154.5,
                0.0,
                0.0,
                0.0,
                1.0
            ],
            "fov": 20.0,
            "aspect": 1
        },
        {
            "camera_to_world": [
                -0.6534206039901053,
                -0.23037932601717087,
                0.721087290433745,
                236.93945241899985,
                0.7569950556517565,
                -0.19885809983708033,
                0.6224258524900615,
                204.520649048903,
                0.0,
                0.9525653900247794,
                0.3043339904232521,
                154.5,
                0.0,
                0.0,
                0.0,
                1.0
            ],
            "fov": 20.0,
            "aspect": 1
        },
        {
            "camera_to_world": [
                -0.669130606358858,
                -0.2261642301999267,
                0.7078940405257708,
                232.6043303744245,
                0.7431448254773944,
                -0.20363918754752158,
                0.6373906570237426,
                209.43787979032263,
                0.0,
                0.9525653900247794,
                0.3043339904232521,
                154.5,
                0.0,
                0.0,
                0.0,
                1.0
            ],
            "fov": 20.0,
            "aspect": 1
        },
        {
            "camera_to_world": [
                -0.6845471059286885,
                -0.22184993127651917,
                0.694390284895505,
                228.16718038290188,
                0.7289686274214117,
                -0.20833095237996646,
                0.6520758809492951,
                214.26324415567956,
                0.0,
                0.9525653900247792,
                0.30433399042325215,
                154.5,
                0.0,
                0.0,
                0.0,
                1.0
            ],
            "fov": 20.0,
            "aspect": 1
        },
        {
            "camera_to_world": [
                -0.6996633405133654,
                -0.21743832164104487,
                0.6805819467364705,
                223.62994872506752,
                0.7144726796328035,
                -0.21293133637129513,
                0.6664750828421538,
                218.99462558068342,
                0.0,
                0.9525653900247794,
                0.3043339904232521,
                154.5,
                0.0,
                0.0,
                0.0,
                1.0
            ],
            "fov": 20.0,
            "aspect": 1
        },
        {
            "camera_to_world": [
                -0.7144726796328033,
                -0.21293133637129516,
                0.666475082842154,
                218.99462558068345,
                0.6996633405133655,
                -0.21743832164104482,
                0.6805819467364704,
                223.6299487250675,
                0.0,
                0.9525653900247792,
                0.3043339904232521,
                154.5,
                0.0,
                0.0,
                0.0,
                1.0
            ],
            "fov": 20.0,
            "aspect": 1
        },
        {
            "camera_to_world": [
                -0.7289686274214114,
                -0.2083309523799665,
                0.6520758809492954,
                214.26324415567964,
                0.6845471059286887,
                -0.22184993127651906,
                0.6943902848955048,
                228.16718038290185,
                0.0,
                0.9525653900247792,
                0.3043339904232521,
                154.5,
                0.0,
                0.0,
                0.0,
                1.0
            ],
            "fov": 20.0,
            "aspect": 1
        },
        {
            "camera_to_world": [
                -0.7431448254773941,
                -0.2036391875475217,
                0.637390657023743,
                209.43787979032268,
                0.6691306063588583,
                -0.22616423019992665,
                0.7078940405257705,
                232.60433037442442,
                0.0,
                0.9525653900247794,
                0.30433399042325215,
                154.5,
                0.0,
                0.0,
                0.0,
                1.0
            ],
            "fov": 20.0,
            "aspect": 1
        },
        {
            "camera_to_world": [
                -0.7569950556517563,
                -0.1988580998370804,
                0.6224258524900618,
                204.5206490489031,
                0.6534206039901055,
                -0.23037932601717082,
                0.7210872904337448,
                236.9394524189998,
                0.0,
                0.9525653900247794,
                0.3043339904232521,
                154.5,
                0.0,
                0.0,
                0.0,
                1.0
            ],
            "fov": 20.0,
            "aspect": 1
        },
        {
            "camera_to_world": [
                -0.7705132427757893,
                -0.19398978639172887,
                0.6071880314061116,
                199.51370879133992,
                0.6374239897486896,
                -0.23449336984791597,
                0.7339642476239772,
                241.17064498882212,
                0.0,
                0.9525653900247792,
                0.3043339904232521,
                154.5,
                0.0,
                0.0,
                0.0,
                1.0
            ],
            "fov": 20.0,
            "aspect": 1
        },
        {
            "camera_to_world": [
                -0.7836934573258398,
                -0.1890363826146436,
                0.5916838775838347,
                194.4192552271112,
                0.6211477802783104,
                -0.23850455713656746,
                0.7465192638374564,
                245.2960521429879,
                0.0,
                0.9525653900247792,
                0.30433399042325215,
                154.5,
                0.0,
                0.0,
                0.0,
                1.0
            ],
            "fov": 20.0,
            "aspect": 1
        },
        {
            "camera_to_world": [
                -0.7965299180241961,
                -0.18400006123243273,
                0.5759201916575146,
                189.2395229519234,
                0.6045991148623749,
                -0.24241112844380952,
                0.7587468320291241,
                249.31386434157346,
                0.0,
                0.9525653900247794,
                0.30433399042325215,
                154.5,
                0.0,
                0.0,
                0.0,
                1.0
            ],
            "fov": 20.0,
            "aspect": 1
        },
        {
            "camera_to_world": [
                -0.8090169943749475,
                -0.17888303134210634,
                0.559903888100793,
                183.9767839675441,
                0.587785252292473,
                -0.2462113702183535,
                0.7706415887834466,
                253.2223192393586,
                0.0,
                0.9525653900247792,
                0.30433399042325215,
                154.5,
                0.0,
                0.0,
                0.0,
                1.0
            ],
            "fov": 20.0,
            "aspect": 1
        },
        {
            "camera_to_world": [
                -0.8211492091337039,
                -0.1736875374420939,
                0.543641992193754,
                178.63334668522714,
                0.5707135676844316,
                -0.24990361554855775,
                0.7821983166669859,
                257.0197024588494,
                0.0,
                0.9525653900247794,
                0.30433399042325215,
                154.5,
                0.0,
                0.0,
                0.0,
                1.0
            ],
            "fov": 20.0,
            "aspect": 1
        },
        {
            "camera_to_world": [
                -0.8329212407100994,
                -0.16841585844773252,
                0.5271416369414029,
                173.2115549131667,
                0.553391549243344,
                -0.25348624489359073,
                0.7934119465169391,
                260.7043483422612,
                0.0,
                0.9525653900247794,
                0.30433399042325215,
                154.5,
                0.0,
                0.0,
                0.0,
                1.0
            ],
            "fov": 20.0,
            "aspect": 1
        },
        {
            "camera_to_world": [
                -0.8443279255020151,
                -0.16307030669165984,
                0.5104100599448953,
                167.71378682842595,
                0.5358267949789965,
                -0.2569576867938146,
                0.8042775596646398,
                264.2746406821307,
                0.0,
                0.9525653900247792,
                0.30433399042325215,
                154.5,
                0.0,
                0.0,
                0.0,
                1.0
            ],
            "fov": 20.0,
            "aspect": 1
        },
        {
            "camera_to_world": [
                -0.8553642601605066,
                -0.1576532269095482,
                0.49345460022688586,
                162.1424539337898,
                0.5180270093731303,
                -0.26031641856007975,
                0.8147903900930498,
                267.7290134302386,
                0.0,
                0.9525653900247794,
                0.30433399042325215,
                154.5,
                0.0,
                0.0,
                0.0,
                1.0
            ],
            "fov": 20.0,
            "aspect": 1
        },
        {
            "camera_to_world": [
                -0.8660254037844387,
                -0.15216699521162602,
                0.4762826950123895,
                156.5,
                0.49999999999999983,
                -0.26356096694162645,
                0.8249458265272909,
                271.0659513845294,
                0.0,
                0.9525653900247794,
                0.3043339904232521,
                154.5,
                0.0,
                0.0,
                0.0,
                1.0
            ],
            "fov": 20.0,
            "aspect": 1
        },
        {
            "camera_to_world": [
                -0.8763066800438635,
                -0.146614018040438,
                0.45890187646657093,
                150.78889999383694,
                0.4817536741017154,
                -0.26668990877230103,
                0.8347394144573024,
                274.28399085372934,
                0.0,
                0.9525653900247792,
                0.30433399042325215,
                154.5,
                0.0,
                0.0,
                0.0,
                1.0
            ],
            "fov": 20.0,
            "aspect": 1
        },
        {
            "camera_to_world": [
                -0.8862035792312146,
                -0.1409967311152987,
                0.44131976839088494,
                145.01165899251674,
                0.4632960351198617,
                -0.26970187159480424,
                0.8441668580917374,
                277.3817202993702,
                0.0,
                0.9525653900247792,
                0.30433399042325215,
                154.5,
                0.0,
                0.0,
                0.0,
                1.0
            ],
            "fov": 20.0,
            "aspect": 1
        },
        {
            "camera_to_world": [
                -0.8957117602394128,
                -0.13531759836390675,
                0.4235440828790281,
                139.17081108488233,
                0.44463517918492756,
                -0.2725955342626958,
                0.8532240222422378,
                280.35778095493623,
                0.0,
                0.9525653900247792,
                0.30433399042325215,
                154.5,
                0.0,
                0.0,
                0.0,
                1.0
            ],
            "fov": 20.0,
            "aspect": 1
        },
        {
            "camera_to_world": [
                -0.9048270524660195,
                -0.12957911084158394,
                0.4055826169341577,
                133.26891825986777,
                0.4257792915650727,
                -0.275369627519893,
                0.8619069341372653,
                283.2108674218641,
                0.0,
                0.9525653900247792,
                0.30433399042325215,
                154.5,
                0.0,
                0.0,
                0.0,
                1.0
            ],
            "fov": 20.0,
            "aspect": 1
        },
        {
            "camera_to_world": [
                -0.9135454576426009,
                -0.12378378563861629,
                0.38744324904886907,
                127.30856928272547,
                0.40673664307580015,
                -0.2780229345574088,
                0.8702117851646898,
                285.93972824213415,
                0.0,
                0.9525653900247794,
                0.30433399042325215,
                154.5,
                0.0,
                0.0,
                0.0,
                1.0
            ],
            "fov": 20.0,
            "aspect": 1
        },
        {
            "camera_to_world": [
                -0.9218631515885005,
                -0.11793416477617526,
                0.36913393574942854,
                121.29237855950824,
                0.38751558645210293,
                -0.28055429154708383,
                0.8781349325423723,
                288.5431664472007,
                0.0,
                0.9525653900247794,
                0.30433399042325215,
                154.5,
                0.0,
                0.0,
                0.0,
                1.0
            ],
            "fov": 20.0,
            "aspect": 1
        },
        {
            "camera_to_world": [
                -0.9297764858882513,
                -0.11203281409130281,
                0.3506627081057778,
                115.22298499030425,
                0.3681245526846781,
                -0.28296258815208014,
                0.8856729009160109,
                291.0200400830227,
                0.0,
                0.9525653900247794,
                0.30433399042325215,
                154.5,
                0.0,
                0.0,
                0.0,
                1.0
            ],
            "fov": 20.0,
            "aspect": 1
        },
        {
            "camera_to_world": [
                -0.9372819894918915,
                -0.10608232211145074,
                0.3320376682088409,
                109.10305081172822,
                0.34857204732181535,
                -0.285246768013912,
                0.8928223838835447,
                293.36926271096206,
                0.0,
                0.9525653900247794,
                0.30433399042325215,
                154.5,
                0.0,
                0.0,
                0.0,
                1.0
            ],
            "fov": 20.0,
            "aspect": 1
        },
        {
            "camera_to_world": [
                -0.944376370237481,
                -0.10008529891906705,
                0.31326698561667987,
                102.93526042917661,
                0.3288666467385833,
                -0.2874058292157991,
                0.8995802454454515,
                295.5898038843317,
                0.0,
                0.9525653900247794,
                0.30433399042325204,
                154.5,
                0.0,
                0.0,
                0.0,
                1.0
            ],
            "fov": 20.0,
            "aspect": 1
        },
        {
            "camera_to_world": [
                -0.9510565162951535,
                -0.09404437500672742,
                0.29435889377105684,
                96.72231923935858,
                0.30901699437494745,
                -0.28943882472214083,
                0.9059435213803008,
                297.6806896003831,
                0.0,
                0.9525653900247794,
                0.3043339904232521,
                154.5,
                0.0,
                0.0,
                0.0,
                1.0
            ],
            "fov": 20.0,
            "aspect": 1
        },
        {
            "camera_to_world": [
                -0.9573194975320674,
                -0.08796220012331414,
                0.2753216863859734,
                90.46695244361965,
                0.28903179694447156,
                -0.29134486279391664,
                0.9119094205449594,
                299.64100272753717,
                0.0,
                0.9525653900247794,
                0.30433399042325204,
                154.5,
                0.0,
                0.0,
                0.0,
                1.0
            ],
            "fov": 20.0,
            "aspect": 1
        },
        {
            "camera_to_world": [
                -0.9631625667976581,
                -0.08184144211174894,
                0.25616371380977426,
                84.1719038525782,
                0.2689198206152657,
                -0.2931231073798334,
                0.9174753260988787,
                301.4698834076671,
                0.0,
                0.9525653900247794,
                0.30433399042325204,
                154.5,
                0.0,
                0.0,
                0.0,
                1.0
            ],
            "fov": 20.0,
            "aspect": 1
        },
        {
            "camera_to_world": [
                -0.9685831611286312,
                -0.07568478573878853,
                0.23689337936240823,
                77.83993468259956,
                0.24868988716485474,
                -0.294772778483044,
                0.9226387966519283,
                303.16652943326164,
                0.0,
                0.9525653900247792,
                0.3043339904232521,
                154.5,
                0.0,
                0.0,
                0.0,
                1.0
            ],
            "fov": 20.0,
            "aspect": 1
        },
        {
            "camera_to_world": [
                -0.9735789028731603,
                -0.06949493151739765,
                0.21751913564945463,
                71.47382234463531,
                0.22835087011065588,
                -0.2962931525032807,
                0.9273975673352686,
                304.73019659929923,
                0.0,
                0.9525653900247794,
                0.3043339904232521,
                154.5,
                0.0,
                0.0,
                0.0,
                1.0
            ],
            "fov": 20.0,
            "aspect": 1
        },
        {
            "camera_to_world": [
                -0.9781476007338056,
                -0.06327459452221419,
                0.1980494808545304,
                65.07635922595873,
