{
    "_target": [
        0.0,
        0.0,
        54.5
    ],
    "_radius": 352.4386471430169,
    "_elevation": 27.364813412349783,
    "camera_type": "perspective",
    "render_height": 1024,
    "render_width": 1024,
    "fps": 30,
    "camera_path": [
        {
            "camera_to_world": [
                0.0,
                -0.45965447124832953,
                0.8880978364242414,
                312.9999999999999,
                1.0,
                0.0,
                -0.0,
                0.0,
                -0.0,
                0.8880978364242414,
                0.45965447124832953,
                216.49999999999997,
                0.0,
                0.0,
                0.0,
                1.0
            ],
            "fov": 20.0,
            "aspect": 1
        },
        {
            "camera_to_world": [
                -0.02094241988335696,
                -0.4595536614269236,
                0.8879030618927596,
                312.93135392762656,
                0.9997806834748455,
                -0.009626276938144947,
                0.01859891778789733,
                6.554977423490726,
                0.0,
                0.8880978364242414,
                0.4596544712483295,
                216.49999999999997,
                0.0,
                0.0,
                0.0,
                1.0
            ],
            "fov": 20.0,
            "aspect": 1
        },
        {
            "camera_to_world": [
                -0.04187565372919961,
                -0.4592512761812252,
                0.8873188237328611,
                312.72544582094264,
                0.9991228300988584,
                -0.01924833147307338,
                0.03718967747575289,
                13.107079617239478,
                0.0,
                0.8880978364242414,
                0.45965447124832937,
                216.49999999999997,
                0.0,
                0.0,
                0.0,
                1.0
            ],
            "fov": 20.0,
            "aspect": 1
        },
        {
            "camera_to_world": [
                -0.06279051952931337,
                -0.4587474481473972,
                0.8863453782107119,
                312.3823659980489,
                0.9980267284282717,
                -0.028861943053654436,
                0.05576412454193728,
                19.65343261267508,
                0.0,
                0.8880978364242413,
                0.4596544712483295,
                216.49999999999997,
                0.0,
                0.0,
                0.0,
                1.0
            ],
            "fov": 20.0,
            "aspect": 1
        },
        {
            "camera_to_world": [
                -0.0836778433323155,
                -0.45804239832106697,
                0.8849831523116909,
                311.9022649450947,
                0.9964928592495044,
                -0.03846289483211603,
                0.07431411162007602,
                26.19116496301474,
                0.0,
                0.8880978364242414,
                0.45965447124832953,
                216.49999999999997,
                0.0,
                0.0,
                0.0,
                1.0
            ],
            "fov": 20.0,
            "aspect": 1
        },
        {
            "camera_to_world": [
                -0.10452846326765347,
                -0.45713643596039016,
                0.8832327435530993,
                311.28535325026945,
                0.9945218953682734,
                -0.048046975513693684,
                0.09283150207275383,
                32.717409002775526,
                0.0,
                0.8880978364242414,
                0.4596544712483295,
                216.49999999999997,
                0.0,
                0.0,
                0.0,
                1.0
            ],
            "fov": 20.0,
            "aspect": 1
        },
        {
            "camera_to_world": [
                -0.12533323356430429,
                -0.4560299584504008,
                0.8810949197220701,
                310.5319015114314,
                0.9921147013144779,
                -0.05760998120384368,
                0.11130817356051273,
                39.22930210562722,
                0.0,
                0.8880978364242414,
                0.45965447124832953,
                216.49999999999997,
                0.0,
                0.0,
                0.0,
                1.0
            ],
            "fov": 20.0,
            "aspect": 1
        },
        {
            "camera_to_world": [
                -0.14608302856241165,
                -0.4547234511287038,
                0.8785706185387917,
                309.64224021741524,
                0.9892723329629883,
                -0.06714771725220994,
                0.12973602160457845,
                45.723987940034824,
                0.0,
                0.8880978364242414,
                0.45965447124832953,
                216.49999999999997,
                0.0,
                0.0,
                0.0,
                1.0
            ],
            "fov": 20.0,
            "aspect": 1
        },
        {
            "camera_to_world": [
                -0.16676874671610226,
                -0.45321748707259124,
                0.8756609472451916,
                308.6167596030679,
                0.9859960370705049,
                -0.07665600009253658,
                0.14810696314175276,
                52.19861772213999,
                0.0,
                0.8880978364242414,
                0.45965447124832953,
                216.49999999999997,
                0.0,
                0.0,
                0.0,
                1.0
            ],
            "fov": 20.0,
            "aspect": 1
        },
        {
            "camera_to_world": [
                -0.18738131458572463,
                -0.45151272684767074,
                0.8723671821192648,
                307.45590947807943,
                0.9822872507286886,
                -0.08613065907771816,
                0.1664129400699122,
                58.65035146533179,
                0.0,
                0.8880978364242414,
                0.45965447124832953,
                216.49999999999997,
                0.0,
                0.0,
                0.0,
                1.0
            ],
            "fov": 20.0,
            "aspect": 1
        },
        {
            "camera_to_world": [
                -0.20791169081775934,
                -0.4496099182181196,
                0.8686907679152556,
                306.1601990296811,
                0.9781476007338057,
                -0.09556753830918333,
                0.1846459227825579,
                65.07635922595865,
                0.0,
                0.8880978364242416,
                0.4596544712483295,
                216.49999999999997,
                0.0,
                0.0,
                0.0,
                1.0
            ],
            "fov": 20.0,
            "aspect": 1
        },
        {
            "camera_to_world": [
                -0.2283508701106557,
                -0.44750989581869116,
                0.8646333172299404,
                304.7301965992991,
                0.9735789028731602,
                -0.1049624984598094,
                0.20279791369086633,
                71.47382234463522,
                0.0,
                0.8880978364242414,
                0.4596544712483295,
                216.49999999999997,
                0.0,
                0.0,
                0.0,
                1.0
            ],
            "fov": 20.0,
            "aspect": 1
        },
        {
            "camera_to_world": [
                -0.2486898871648548,
                -0.44521358078861645,
                0.8601966097952898,
                303.1665294332615,
                0.9685831611286311,
                -0.11431141858956805,
                0.22086095073169631,
                77.83993468259955,
                0.0,
                0.8880978364242414,
                0.4596544712483295,
                216.49999999999997,
                0.0,
                0.0,
                0.0,
                1.0
            ],
            "fov": 20.0,
            "aspect": 1
        },
        {
            "camera_to_world": [
                -0.2689198206152657,
                -0.4427219803675613,
                0.8553825916978192,
                301.469883407667,
                0.9631625667976582,
                -0.12361019795310554,
                0.23882711086001257,
                84.17190385257815,
                0.0,
                0.8880978364242416,
                0.45965447124832937,
                216.49999999999997,
                0.0,
                0.0,
                0.0,
                1.0
            ],
            "fov": 20.0,
            "aspect": 1
        },
        {
            "camera_to_world": [
                -0.2890317969444717,
                -0.44003618745381884,
                0.8501933745249709,
                299.641002727537,
                0.9573194975320672,
                -0.13285475779846567,
                0.25668851352419597,
                90.4669524436196,
                0.0,
                0.8880978364242414,
                0.4596544712483295,
                216.49999999999997,
                0.0,
                0.0,
                0.0,
                1.0
            ],
            "fov": 20.0,
            "aspect": 1
        },
        {
            "camera_to_world": [
                -0.3090169943749474,
                -0.4371573801249271,
                0.8446312344389022,
                297.680689600383,
                0.9510565162951535,
                -0.14204104315616448,
                0.27443732412271277,
                96.72231923935851,
                0.0,
                0.8880978364242414,
                0.4596544712483295,
                216.49999999999997,
                0.0,
                0.0,
                0.0,
                1.0
            ],
            "fov": 20.0,
            "aspect": 1
        },
        {
            "camera_to_world": [
                -0.3288666467385832,
                -0.43408682112092606,
                0.8386986111780853,
                295.5898038843315,
                0.9443763702374811,
                -0.15116502461783463,
                0.292065757440631,
                102.93526042917651,
                0.0,
                0.8880978364242414,
                0.4596544712483295,
                216.49999999999997,
                0.0,
                0.0,
                0.0,
                1.0
            ],
            "fov": 20.0,
            "aspect": 1
        },
        {
            "camera_to_world": [
                -0.34857204732181524,
                -0.4308258572904776,
                0.8323981069871575,
                293.36926271096195,
                0.9372819894918915,
                -0.16022270010365666,
                0.3095660810644725,
                109.10305081172814,
                0.0,
                0.8880978364242413,
                0.45965447124832953,
                216.49999999999997,
                0.0,
                0.0,
                0.0,
                1.0
            ],
            "fov": 20.0,
            "aspect": 1
        },
        {
            "camera_to_world": [
                -0.36812455268467814,
                -0.42737591900009414,
                0.8257324854754902,
                291.02004008302254,
                0.9297764858882513,
                -0.1692100966178036,
                0.3269306187739043,
                115.22298499030418,
                0.0,
                0.8880978364242414,
                0.45965447124832953,
                216.49999999999997,
                0.0,
                0.0,
                0.0,
                1.0
            ],
            "fov": 20.0,
            "aspect": 1
        },
        {
            "camera_to_world": [
                -0.387515586452103,
                -0.42373851950673086,
                0.8187046704049797,
                288.5431664472006,
                0.9218631515885005,
                -0.17812327199112774,
                0.3441517539087837,
                121.2923785595082,
                0.0,
                0.8880978364242414,
                0.4596544712483295,
                216.49999999999997,
                0.0,
                0.0,
                0.0,
                1.0
            ],
            "fov": 20.0,
            "aspect": 1
        },
        {
            "camera_to_world": [
                -0.4067366430758003,
                -0.419915254294023,
                0.8113177444075872,
                285.9397282421339,
                0.9135454576426009,
                -0.18695831661032755,
                0.36122193271007713,
                127.30856928272543,
                0.0,
                0.8880978364242414,
                0.45965447124832953,
                216.49999999999997,
                0.0,
                0.0,
                0.0,
                1.0
            ],
            "fov": 20.0,
            "aspect": 1
        },
        {
            "camera_to_world": [
                -0.42577929156507266,
                -0.41590780037245273,
                0.8035749476331956,
                283.210867421864,
                0.9048270524660196,
                -0.1957113551328318,
                0.3781336676331873,
                133.2689182598677,
                0.0,
                0.8880978364242416,
                0.45965447124832953,
                216.49999999999997,
                0.0,
                0.0,
                0.0,
                1.0
            ],
            "fov": 20.0,
            "aspect": 1
        },
        {
            "camera_to_world": [
                -0.44463517918492745,
                -0.41171791554375775,
                0.7954796763283715,
                280.3577809549361,
                0.8957117602394129,
                -0.20437854818665402,
                0.394879540632239,
                139.17081108488225,
                0.0,
                0.8880978364242413,
                0.45965447124832953,
                216.49999999999997,
                0.0,
                0.0,
                0.0,
                1.0
            ],
            "fov": 20.0,
            "aspect": 1
        },
        {
            "camera_to_world": [
                -0.4632960351198618,
                -0.4073474376299011,
                0.7870354813466606,
                277.38172029937004,
                0.8862035792312146,
                -0.2129560940544676,
                0.41145220641387864,
                145.01165899251666,
                0.0,
                0.8880978364242414,
                0.4596544712483296,
                216.49999999999997,
                0.0,
                0.0,
                0.0,
                1.0
            ],
            "fov": 20.0,
            "aspect": 1
        },
        {
            "camera_to_world": [
                -0.48175367410171527,
                -0.4027982836669412,
                0.7782460665910652,
                274.2839908537292,
                0.8763066800438637,
                -0.22144023034116397,
                0.4278443956591624,
                150.78889999383682,
                0.0,
                0.8880978364242414,
                0.4596544712483295,
                216.49999999999997,
                0.0,
                0.0,
                0.0,
                1.0
            ],
            "fov": 20.0,
            "aspect": 1
        },
        {
            "camera_to_world": [
                -0.5000000000000001,
                -0.3980724490641573,
                0.76911528738939,
                271.0659513845291,
                0.8660254037844386,
                -0.22982723562416488,
                0.4440489182121208,
                156.49999999999994,
                0.0,
                0.8880978364242414,
                0.4596544712483296,
                216.49999999999997,
                0.0,
                0.0,
                0.0,
                1.0
            ],
            "fov": 20.0,
            "aspect": 1
        },
        {
            "camera_to_world": [
                -0.5180270093731302,
                -0.3931720067287963,
                0.7596471488031679,
                267.72901343023847,
                0.8553642601605067,
                -0.2381134310857596,
                0.4600586662335971,
                162.14245393378965,
                0.0,
                0.8880978364242414,
                0.45965447124832953,
                216.49999999999997,
                0.0,
                0.0,
                0.0,
                1.0
            ],
            "fov": 20.0,
            "aspect": 1
        },
        {
            "camera_to_world": [
                -0.5358267949789965,
                -0.3880991061568277,
                0.7498458038709077,
                264.27464068213067,
                0.8443279255020151,
                -0.24629518212675772,
                0.4758666173189824,
                167.71378682842587,
                0.0,
                0.8880978364242414,
                0.4596544712483295,
                216.49999999999997,
                0.0,
                0.0,
                0.0,
                1.0
            ],
            "fov": 20.0,
            "aspect": 1
        },
        {
            "camera_to_world": [
                -0.553391549243344,
                -0.38285597249010345,
                0.7397155517864342,
                260.7043483422611,
                0.8329212407100995,
                -0.25436889996074324,
                0.49146583757847284,
                173.21155491316662,
                0.0,
                0.8880978364242414,
                0.4596544712483295,
                216.49999999999997,
                0.0,
                0.0,
                0.0,
                1.0
            ],
            "fov": 20.0,
            "aspect": 1
        },
        {
            "camera_to_world": [
                -0.5707135676844316,
                -0.3774449055403368,
                0.7292608360131195,
                257.0197024588493,
                0.8211492091337041,
                -0.26233104318823514,
                0.5068494846785035,
                178.63334668522702,
                0.0,
                0.8880978364242414,
                0.45965447124832953,
                216.49999999999997,
                0.0,
                0.0,
                0.0,
                1.0
            ],
            "fov": 20.0,
            "aspect": 1
        },
        {
            "camera_to_world": [
                -0.5877852522924729,
                -0.3718682787803293,
                0.7184862423348336,
                253.2223192393585,
                0.8090169943749476,
                -0.27017811935006264,
                0.5220108108430221,
                183.976783967544,
                0.0,
                0.8880978364242414,
                0.4596544712483295,
                216.49999999999997,
                0.0,
                0.0,
                0.0,
                1.0
            ],
            "fov": 20.0,
            "aspect": 1
        },
        {
            "camera_to_world": [
                -0.6045991148623747,
                -0.36612853830288716,
                0.7073964968444671,
                249.31386434157344,
                0.7965299180241964,
                -0.27790668645927286,
                0.5369431658132864,
                189.23952295192328,
                0.0,
                0.8880978364242416,
                0.45965447124832937,
                216.49999999999997,
                0.0,
                0.0,
                0.0,
                1.0
            ],
            "fov": 20.0,
            "aspect": 1
        },
        {
            "camera_to_world": [
                -0.6211477802783102,
                -0.3602282017478843,
                0.695996463870912,
                245.29605214298783,
                0.78369345732584,
                -0.28551335451090026,
                0.5516399997648873,
                194.41925522711102,
                0.0,
                0.8880978364242414,
                0.4596544712483295,
                216.49999999999997,
                0.0,
                0.0,
                0.0,
                1.0
            ],
            "fov": 20.0,
            "aspect": 1
        },
        {
            "camera_to_world": [
                -0.6374239897486896,
                -0.3541698571979412,
                0.6842911438454047,
                241.17064498882198,
                0.7705132427757893,
                -0.29299478696893455,
                0.566094866180719,
                199.51370879133978,
                0.0,
                0.8880978364242414,
                0.4596544712483295,
                216.49999999999997,
                0.0,
                0.0,
                0.0,
                1.0
            ],
            "fov": 20.0,
            "aspect": 1
        },
        {
            "camera_to_world": [
                -0.6534206039901053,
                -0.3479561620432079,
                0.6722856711081733,
                236.93945241899976,
                0.7569950556517565,
                -0.3003477022298359,
                0.5803014246786337,
                204.52064904890292,
                0.0,
                0.8880978364242416,
                0.4596544712483295,
                216.49999999999997,
                0.0,
                0.0,
                0.0,
                1.0
            ],
            "fov": 20.0,
            "aspect": 1
        },
        {
            "camera_to_world": [
                -0.6691306063588581,
                -0.3415898418157438,
                0.6599853116563444,
                232.6043303744244,
                0.7431448254773944,
                -0.307568875061955,
                0.5942534437925426,
                209.4378797903225,
                0.0,
                0.8880978364242414,
                0.4596544712483295,
                216.49999999999997,
                0.0,
                0.0,
                0.0,
                1.0
            ],
            "fov": 20.0,
            "aspect": 1
        },
        {
            "camera_to_world": [
                -0.6845471059286885,
                -0.33507368899400947,
                0.6473954608341046,
                228.1671803829018,
                0.7289686274214116,
                -0.31465513802022554,
                0.6079448037057443,
                214.26324415567947,
                0.0,
                0.8880978364242414,
                0.4596544712483295,
                216.49999999999997,
                0.0,
                0.0,
                0.0,
                1.0
            ],
            "fov": 20.0,
            "aspect": 1
        },
        {
            "camera_to_world": [
                -0.6996633405133653,
                -0.3284105617779934,
                0.634521640966123,
                223.62994872506744,
                0.7144726796328035,
                -0.3216033828355108,
                0.621369498935277,
                218.9946255806833,
                0.0,
                0.8880978364242414,
                0.4596544712483295,
                216.49999999999997,
                0.0,
                0.0,
                0.0,
                1.0
            ],
            "fov": 20.0,
            "aspect": 1
        },
        {
            "camera_to_world": [
                -0.7144726796328033,
                -0.3216033828355109,
                0.6213694989352773,
                218.99462558068336,
                0.6996633405133654,
                -0.32841056177799327,
                0.6345216409661228,
                223.62994872506738,
                0.0,
                0.8880978364242414,
                0.4596544712483295,
                216.49999999999997,
                0.0,
                0.0,
                0.0,
                1.0
            ],
            "fov": 20.0,
            "aspect": 1
        },
        {
            "camera_to_world": [
                -0.7289686274214114,
                -0.3146551380202256,
                0.6079448037057444,
                214.26324415567956,
                0.6845471059286887,
                -0.33507368899400936,
                0.6473954608341044,
                228.16718038290173,
                0.0,
                0.8880978364242416,
                0.45965447124832937,
                216.49999999999997,
                0.0,
                0.0,
                0.0,
                1.0
            ],
            "fov": 20.0,
            "aspect": 1
        },
        {
            "camera_to_world": [
                -0.7431448254773941,
                -0.3075688750619551,
                0.5942534437925429,
                209.43787979032257,
                0.6691306063588582,
                -0.34158984181574376,
                0.6599853116563443,
                232.6043303744243,
                0.0,
                0.8880978364242414,
                0.45965447124832953,
                216.49999999999997,
                0.0,
                0.0,
                0.0,
                1.0
            ],
            "fov": 20.0,
            "aspect": 1
        },
        {
            "camera_to_world": [
                -0.7569950556517563,
                -0.3003477022298361,
                0.5803014246786338,
                204.52064904890298,
                0.6534206039901055,
                -0.34795616204320784,
                0.672285671108173,
                236.93945241899968,
                0.0,
                0.8880978364242414,
                0.4596544712483295,
                216.49999999999997,
                0.0,
                0.0,
                0.0,
                1.0
            ],
            "fov": 20.0,
            "aspect": 1
        },
        {
            "camera_to_world": [
                -0.7705132427757893,
                -0.29299478696893455,
                0.5660948661807192,
                199.51370879133984,
                0.6374239897486897,
                -0.35416985719794114,
                0.6842911438454047,
                241.17064498882198,
                0.0,
                0.8880978364242416,
                0.4596544712483295,
                216.49999999999997,
                0.0,
                0.0,
                0.0,
                1.0
            ],
            "fov": 20.0,
            "aspect": 1
        },
        {
            "camera_to_world": [
                -0.7836934573258398,
                -0.28551335451090026,
                0.5516399997648875,
                194.4192552271111,
                0.6211477802783103,
                -0.36022820174788417,
                0.695996463870912,
                245.2960521429878,
                0.0,
                0.8880978364242416,
                0.4596544712483295,
                216.49999999999997,
                0.0,
                0.0,
                0.0,
                1.0
            ],
            "fov": 20.0,
            "aspect": 1
        },
        {
            "camera_to_world": [
                -0.7965299180241963,
                -0.27790668645927297,
                0.5369431658132865,
                189.23952295192328,
                0.6045991148623748,
                -0.3661285383028872,
                0.7073964968444671,
                249.31386434157338,
                0.0,
                0.8880978364242414,
                0.4596544712483295,
                216.49999999999997,
                0.0,
                0.0,
                0.0,
                1.0
            ],
            "fov": 20.0,
            "aspect": 1
        },
        {
            "camera_to_world": [
                -0.8090169943749473,
                -0.27017811935006275,
                0.5220108108430223,
                183.97678396754404,
                0.5877852522924731,
                -0.37186827878032924,
                0.7184862423348335,
                253.22231923935848,
                0.0,
                0.8880978364242414,
                0.4596544712483295,
                216.49999999999997,
                0.0,
                0.0,
                0.0,
                1.0
            ],
            "fov": 20.0,
            "aspect": 1
        },
        {
            "camera_to_world": [
                -0.821149209133704,
                -0.2623310431882352,
                0.5068494846785037,
                178.63334668522708,
                0.5707135676844317,
                -0.3774449055403367,
                0.7292608360131194,
                257.0197024588493,
                0.0,
                0.8880978364242414,
                0.4596544712483295,
                216.49999999999997,
                0.0,
                0.0,
                0.0,
                1.0
            ],
            "fov": 20.0,
            "aspect": 1
        },
        {
            "camera_to_world": [
                -0.8329212407100995,
                -0.25436889996074324,
                0.49146583757847284,
                173.21155491316662,
                0.553391549243344,
                -0.38285597249010345,
                0.7397155517864342,
                260.7043483422611,
                0.0,
                0.8880978364242414,
                0.4596544712483295,
                216.49999999999997,
                0.0,
                0.0,
                0.0,
                1.0
            ],
            "fov": 20.0,
            "aspect": 1
        },
        {
            "camera_to_world": [
                -0.8443279255020151,
                -0.24629518212675772,
                0.4758666173189824,
                167.71378682842587,
                0.5358267949789965,
                -0.3880991061568277,
                0.7498458038709077,
                264.27464068213067,
                0.0,
                0.8880978364242414,
                0.4596544712483295,
                216.49999999999997,
                0.0,
                0.0,
                0.0,
                1.0
            ],
            "fov": 20.0,
            "aspect": 1
        },
        {
            "camera_to_world": [
                -0.8553642601605065,
                -0.23811343108575972,
                0.4600586662335973,
                162.14245393378974,
                0.5180270093731304,
                -0.39317200672879626,
                0.7596471488031677,
                267.7290134302384,
                0.0,
                0.8880978364242414,
                0.45965447124832953,
                216.49999999999997,
                0.0,
                0.0,
                0.0,
                1.0
            ],
            "fov": 20.0,
            "aspect": 1
        },
        {
            "camera_to_world": [
                -0.8660254037844387,
                -0.22982723562416466,
                0.44404891821212067,
                156.49999999999991,
                0.4999999999999999,
                -0.3980724490641571,
                0.7691152873893902,
                271.0659513845292,
                0.0,
                0.8880978364242413,
                0.45965447124832953,
                216.49999999999997,
                0.0,
                0.0,
                0.0,
                1.0
            ],
            "fov": 20.0,
            "aspect": 1
        },
        {
            "camera_to_world": [
                -0.8763066800438637,
                -0.22144023034116397,
                0.4278443956591625,
                150.78889999383685,
                0.4817536741017154,
                -0.4027982836669411,
                0.7782460665910652,
                274.2839908537292,
                0.0,
                0.8880978364242413,
                0.4596544712483295,
                216.49999999999997,
                0.0,
                0.0,
                0.0,
                1.0
            ],
            "fov": 20.0,
            "aspect": 1
        },
        {
            "camera_to_world": [
                -0.8862035792312146,
                -0.2129560940544676,
                0.4114522064138786,
                145.01165899251666,
                0.4632960351198618,
                -0.4073474376299011,
                0.7870354813466605,
                277.38172029937004,
                0.0,
                0.8880978364242414,
                0.45965447124832953,
                216.49999999999997,
                0.0,
                0.0,
                0.0,
                1.0
            ],
            "fov": 20.0,
            "aspect": 1
        },
        {
            "camera_to_world": [
                -0.8957117602394129,
                -0.20437854818665407,
                0.394879540632239,
                139.17081108488227,
                0.4446351791849275,
                -0.4117179155437578,
                0.7954796763283714,
                280.3577809549361,
                0.0,
                0.8880978364242414,
                0.4596544712483295,
                216.49999999999997,
                0.0,
                0.0,
                0.0,
                1.0
            ],
            "fov": 20.0,
            "aspect": 1
        },
        {
            "camera_to_world": [
                -0.9048270524660196,
                -0.19571135513283175,
                0.3781336676331873,
                133.2689182598677,
                0.42577929156507266,
                -0.4159078003724526,
                0.8035749476331956,
                283.210867421864,
                0.0,
                0.8880978364242413,
                0.45965447124832953,
                216.49999999999997,
                0.0,
                0.0,
                0.0,
                1.0
            ],
            "fov": 20.0,
            "aspect": 1
        },
        {
            "camera_to_world": [
                -0.913545457642601,
                -0.18695831661032747,
                0.3612219327100771,
                127.30856928272543,
                0.40673664307580026,
                -0.41991525429402293,
                0.8113177444075873,
                285.939728242134,
                0.0,
                0.8880978364242414,
                0.4596544712483295,
                216.49999999999997,
                0.0,
                0.0,
                0.0,
                1.0
            ],
            "fov": 20.0,
            "aspect": 1
        },
        {
            "camera_to_world": [
                -0.9218631515885005,
                -0.17812327199112774,
                0.3441517539087837,
                121.2923785595082,
                0.387515586452103,
                -0.42373851950673086,
                0.8187046704049797,
                288.5431664472006,
                0.0,
                0.8880978364242414,
                0.4596544712483295,
                216.49999999999997,
                0.0,
                0.0,
                0.0,
                1.0
            ],
            "fov": 20.0,
            "aspect": 1
        },
        {
            "camera_to_world": [
                -0.9297764858882513,
                -0.1692100966178036,
                0.3269306187739043,
                115.2229849903042,
                0.36812455268467814,
                -0.42737591900009414,
                0.8257324854754902,
                291.02004008302254,
                0.0,
                0.8880978364242414,
                0.45965447124832953,
                216.49999999999997,
                0.0,
                0.0,
                0.0,
                1.0
            ],
            "fov": 20.0,
            "aspect": 1
        },
        {
            "camera_to_world": [
                -0.9372819894918915,
                -0.16022270010365675,
                0.3095660810644725,
                109.10305081172817,
                0.34857204732181535,
                -0.43082585729047773,
                0.8323981069871573,
                293.36926271096195,
                0.0,
                0.8880978364242414,
                0.4596544712483295,
                216.49999999999997,
                0.0,
                0.0,
                0.0,
                1.0
            ],
            "fov": 20.0,
            "aspect": 1
        },
        {
            "camera_to_world": [
                -0.944376370237481,
                -0.15116502461783468,
                0.2920657574406312,
                102.93526042917655,
                0.32886664673858335,
                -0.43408682112092595,
                0.8386986111780853,
                295.5898038843315,
                0.0,
                0.8880978364242414,
                0.4596544712483295,
                216.49999999999997,
                0.0,
                0.0,
                0.0,
                1.0
            ],
            "fov": 20.0,
            "aspect": 1
        },
        {
            "camera_to_world": [
                -0.9510565162951535,
                -0.1420410431561645,
                0.2744373241227128,
                96.72231923935854,
                0.30901699437494745,
                -0.4371573801249271,
                0.8446312344389022,
                297.680689600383,
                0.0,
                0.8880978364242414,
                0.4596544712483295,
                216.49999999999997,
                0.0,
                0.0,
                0.0,
                1.0
            ],
            "fov": 20.0,
            "aspect": 1
        },
        {
            "camera_to_world": [
                -0.9573194975320672,
                -0.13285475779846567,
                0.25668851352419597,
                90.4669524436196,
                0.2890317969444717,
                -0.44003618745381884,
                0.8501933745249709,
                299.641002727537,
                0.0,
                0.8880978364242414,
                0.4596544712483295,
                216.49999999999997,
                0.0,
                0.0,
                0.0,
                1.0
            ],
            "fov": 20.0,
            "aspect": 1
        },
        {
            "camera_to_world": [
                -0.9631625667976582,
                -0.12361019795310554,
                0.23882711086001257,
                84.17190385257815,
                0.2689198206152657,
                -0.4427219803675613,
                0.8553825916978192,
                301.469883407667,
                0.0,
                0.8880978364242416,
                0.45965447124832937,
                216.49999999999997,
                0.0,
                0.0,
                0.0,
                1.0
            ],
            "fov": 20.0,
            "aspect": 1
        },
        {
            "camera_to_world": [
                -0.9685831611286311,
                -0.11431141858956803,
                0.2208609507316963,
                77.83993468259953,
                0.24868988716485477,
                -0.44521358078861645,
                0.8601966097952898,
                303.1665294332615,
                0.0,
                0.8880978364242414,
                0.4596544712483295,
                216.49999999999997,
                0.0,
                0.0,
                0.0,
                1.0
            ],
            "fov": 20.0,
            "aspect": 1
        },
        {
