{
    "_target": [
        0.0,
        0.0,
        31.46
    ],
    "_radius": 488.0,
    "_elevation": 50.0,
    "camera_type": "perspective",
    "render_height": 1024,
    "render_width": 1024,
    "fps": 24,
    "camera_path": [
        {
            "camera_to_world": [
                0.0,
                -0.766044443118978,
                0.6427876096865394,
                313.68035352703123,
                1.0,
                0.0,
                -0.0,
                0.0,
                -0.0,
                0.6427876096865394,
                0.766044443118978,
                405.2896882420613,
                0.0,
                0.0,
                0.0,
                1.0
            ],
            "fov": 20.0,
            "aspect": 1
        },
        {
            "camera_to_world": [
                -0.026176948307873142,
                -0.7657819388207081,
                0.6425673424266786,
                313.57286310421915,
                0.9996573249755573,
                -0.020052705789058958,
                0.016826218031705878,
                8.21119439947247,
                0.0,
                0.6427876096865395,
                0.766044443118978,
                405.2896882420613,
                0.0,
                0.0,
                0.0,
                1.0
            ],
            "fov": 20.0,
            "aspect": 1
        },
        {
            "camera_to_world": [
                -0.052335956242943814,
                -0.7649946058332316,
                0.6419066916072734,
                313.25046550434945,
                0.9986295347545738,
                -0.0400916684552251,
                0.03364090421406117,
                16.416761256461854,
                0.0,
                0.6427876096865394,
                0.766044443118978,
                405.2896882420613,
                0.0,
                0.0,
                0.0,
                1.0
            ],
            "fov": 20.0,
            "aspect": 1
        },
        {
            "camera_to_world": [
                -0.07845909572784496,
                -0.7636829837552505,
                0.6408061100053952,
                312.7133816826329,
                0.996917333733128,
                -0.060103154294455584,
                0.05043253460106882,
                24.611076885321587,
                0.0,
                0.6427876096865394,
                0.766044443118978,
                405.2896882420613,
                0.0,
                0.0,
                0.0,
                1.0
            ],
            "fov": 20.0,
            "aspect": 1
        },
        {
            "camera_to_world": [
                -0.10452846326765347,
                -0.7618479715070196,
                0.6392663519046989,
                311.9619797294931,
                0.9945218953682734,
                -0.08007344843395216,
                0.0671896010480222,
                32.78852531143484,
                0.0,
                0.6427876096865394,
                0.766044443118978,
                405.2896882420613,
                0.0,
                0.0,
                0.0,
                1.0
            ],
            "fov": 20.0,
            "aspect": 1
        },
        {
            "camera_to_world": [
                -0.1305261922200516,
                -0.7594908267142731,
                0.6372884725784739,
                310.9967746182952,
                0.9914448613738104,
                -0.09998886423165014,
                0.08390061909861272,
                40.94350212012301,
                0.0,
                0.6427876096865393,
                0.7660444431189782,
                405.2896882420613,
                0.0,
                0.0,
                0.0,
                1.0
            ],
            "fov": 20.0,
            "aspect": 1
        },
        {
            "camera_to_world": [
                -0.1564344650402309,
                -0.7566131648463098,
                0.6348738275664131,
                309.8184278524096,
                0.9876883405951378,
                -0.11983575265635892,
                0.1005541358558025,
                49.070418297631626,
                0.0,
                0.6427876096865394,
                0.766044443118978,
                405.2896882420613,
                0.0,
                0.0,
                0.0,
                1.0
            ],
            "fov": 20.0,
            "aspect": 1
        },
        {
            "camera_to_world": [
                -0.1822355254921475,
                -0.7532169581088319,
                0.6320240717455935,
                308.42774701184965,
                0.9832549075639546,
                -0.13960051164212647,
                0.11713873783106789,
                57.16370406156113,
                0.0,
                0.6427876096865393,
                0.7660444431189781,
                405.2896882420613,
                0.0,
                0.0,
                0.0,
                1.0
            ],
            "fov": 20.0,
            "aspect": 1
        },
        {
            "camera_to_world": [
                -0.20791169081775931,
                -0.7493045340922926,
                0.6287411581963064,
                306.82568519979753,
                0.9781476007338056,
                -0.15926959541041558,
                0.13364305876663432,
                65.21781267811755,
                0.0,
                0.6427876096865394,
                0.766044443118978,
                405.2896882420613,
                0.0,
                0.0,
                0.0,
                1.0
            ],
            "fov": 20.0,
            "aspect": 1
        },
        {
            "camera_to_world": [
                -0.23344536385590542,
                -0.7448785741766832,
                0.6250273368635131,
                305.01334038939444,
                0.9723699203976766,
                -0.17882952375370428,
                0.1500557874253419,
                73.22722426356685,
                0.0,
                0.6427876096865394,
                0.766044443118978,
                405.2896882420613,
                0.0,
                0.0,
                0.0,
                1.0
            ],
            "fov": 20.0,
            "aspect": 1
        },
        {
            "camera_to_world": [
                -0.25881904510252074,
                -0.739942111693848,
                0.6208851530148456,
                302.99195467124474,
                0.9659258262890683,
                -0.19826689127414615,
                0.16636567534280192,
                81.18644956728735,
                0.0,
                0.6427876096865395,
                0.7660444431189779,
                405.2896882420613,
                0.0,
                0.0,
                0.0,
                1.0
            ],
            "fov": 20.0,
            "aspect": 1
        },
        {
            "camera_to_world": [
                -0.2840153447039226,
                -0.7344985298485912,
                0.6163174454962072,
                300.76291340214914,
                0.958819734868193,
                -0.21756837657096098,
                0.1825615445365329,
                89.09003373382807,
                0.0,
                0.6427876096865394,
                0.766044443118978,
                405.2896882420613,
                0.0,
                0.0,
                0.0,
                1.0
            ],
            "fov": 20.0,
            "aspect": 1
        },
        {
            "camera_to_world": [
                -0.3090169943749474,
                -0.7285515593999962,
                0.611327344786169,
                298.3277442556505,
                0.9510565162951535,
                -0.23672075137025694,
                0.1986322951667912,
                96.93256004139413,
                0.0,
                0.6427876096865394,
                0.766044443118978,
                405.2896882420613,
                0.0,
                0.0,
                0.0,
                1.0
            ],
            "fov": 20.0,
            "aspect": 1
        },
        {
            "camera_to_world": [
                -0.333806859233771,
                -0.7221052761045509,
                0.6059182708504965,
                295.68811617504235,
                0.9426414910921784,
                -0.2557108895910292,
                0.21456691314384677,
                104.70865361419723,
                0.0,
                0.6427876096865394,
                0.766044443118978,
                405.2896882420613,
                0.0,
                0.0,
                0.0,
                1.0
            ],
            "fov": 20.0,
            "aspect": 1
        },
        {
            "camera_to_world": [
                -0.3583679495453003,
                -0.715164097922827,
                0.6000939307982762,
                292.8458382295588,
                0.9335804264972019,
                -0.2745257763411196,
                0.2303544776764899,
                112.41298510612708,
                0.0,
                0.6427876096865395,
                0.766044443118978,
                405.2896882420613,
                0.0,
                0.0,
                0.0,
                1.0
            ],
            "fov": 20.0,
            "aspect": 1
        },
        {
            "camera_to_world": [
                -0.3826834323650897,
                -0.7077327819916305,
                0.5938583163412474,
                289.80285837452874,
                0.9238795325112868,
                -0.29315251683697424,
                0.24598416875659646,
                120.04027435321908,
                0.0,
                0.6427876096865393,
                0.7660444431189781,
                405.2896882420613,
                0.0,
                0.0,
                0.0,
                1.0
            ],
            "fov": 20.0,
            "aspect": 1
        },
        {
            "camera_to_world": [
                -0.40673664307580026,
                -0.6998164213636983,
                0.587215701058083,
                286.5612621163445,
                0.9135454576426008,
                -0.311578345241084,
                0.26144527457462075,
                127.58529399241492,
                0.0,
                0.6427876096865394,
                0.7660444431189781,
                405.2896882420613,
                0.0,
                0.0,
                0.0,
                1.0
            ],
            "fov": 20.0,
            "aspect": 1
        },
        {
            "camera_to_world": [
                -0.43051109680829525,
                -0.6914204415171735,
                0.5801706374654922,
                283.1232710831602,
                0.9025852843498606,
                -0.329790633411051,
                0.2767271988609344,
                135.04287304413597,
                0.0,
                0.6427876096865393,
                0.7660444431189781,
                405.2896882420613,
                0.0,
                0.0,
                0.0,
                1.0
            ],
            "fov": 20.0,
            "aspect": 1
        },
        {
            "camera_to_world": [
                -0.4539904997395469,
                -0.6825505966372545,
                0.5727279538981526,
                279.49124150229846,
                0.8910065241883678,
                -0.3477768995542878,
                0.29181946814798077,
                142.4079004562146,
                0.0,
                0.6427876096865393,
                0.7660444431189781,
                405.2896882420613,
                0.0,
                0.0,
                0.0,
                1.0
            ],
            "fov": 20.0,
            "aspect": 1
        },
        {
            "camera_to_world": [
                -0.47715876025960846,
                -0.6732129656725635,
                0.5648927511996108,
                275.6676625854101,
                0.8788171126619654,
                -0.3655248167824138,
                0.30671173894826614,
                149.67532860675388,
                0.0,
                0.6427876096865393,
                0.7660444431189781,
                405.2896882420613,
                0.0,
                0.0,
                0.0,
                1.0
            ],
            "fov": 20.0,
            "aspect": 1
        },
        {
            "camera_to_world": [
                -0.4999999999999999,
                -0.6634139481689385,
                0.5566703992264194,
                271.65515482249265,
                0.8660254037844387,
                -0.38302222155948895,
                0.32139380484326957,
                156.84017676351556,
                0.0,
                0.6427876096865393,
                0.7660444431189781,
                405.2896882420613,
                0.0,
                0.0,
                0.0,
                1.0
            ],
            "fov": 20.0,
            "aspect": 1
        },
        {
            "camera_to_world": [
                -0.5224985647159489,
                -0.6531602598835046,
                0.5480665331679049,
                267.45646818593764,
                0.8526401643540922,
                -0.40025712203829444,
                0.3358556034784123,
                163.89753449746522,
                0.0,
                0.6427876096865394,
                0.766044443118978,
                405.2896882420613,
                0.0,
                0.0,
                0.0,
                1.0
            ],
            "fov": 20.0,
            "aspect": 1
        },
        {
            "camera_to_world": [
                -0.5446390350150271,
                -0.6424589281820294,
                0.5390870496840915,
                263.0744802458367,
                0.8386705679454242,
                -0.417217706278944,
                0.3500872234592926,
                170.84256504813482,
                0.0,
                0.6427876096865394,
                0.766044443118978,
                405.2896882420613,
                0.0,
                0.0,
                0.0,
                1.0
            ],
            "fov": 20.0,
            "aspect": 1
        },
        {
            "camera_to_world": [
                -0.5664062369248326,
                -0.631317287222718,
                0.5297381028644237,
                258.51219419783877,
                0.8241261886220158,
                -0.4338923503441993,
                0.3640789111444609,
                177.67050863849693,
                0.0,
                0.6427876096865395,
                0.766044443118978,
                405.2896882420613,
                0.0,
                0.0,
                0.0,
                1.0
            ],
            "fov": 20.0,
            "aspect": 1
        },
        {
            "camera_to_world": [
                -0.5877852522924731,
                -0.6197429729297461,
                0.5200261000100609,
                253.77273680490975,
                0.8090169943749476,
                -0.4502696262659356,
                0.3778210773300782,
                184.3766857370782,
                0.0,
                0.6427876096865394,
                0.766044443118978,
                405.2896882420613,
                0.0,
                0.0,
                0.0,
                1.0
            ],
            "fov": 20.0,
            "aspect": 1
        },
        {
            "camera_to_world": [
                -0.6087614290087205,
                -0.6077439177599805,
                0.5099576972426347,
                248.85935625440578,
                0.7933533402912354,
                -0.4663383098772986,
                0.3913043038218773,
                190.95650026507616,
                0.0,
                0.6427876096865394,
                0.766044443118978,
                405.2896882420613,
                0.0,
                0.0,
                0.0,
                1.0
            ],
            "fov": 20.0,
            "aspect": 1
        },
        {
            "camera_to_world": [
                -0.6293203910498374,
                -0.5953283452664682,
                0.4995397949424738,
                243.77541993192725,
                0.7771459614569709,
                -0.48208738850519023,
                0.40451934988992316,
                197.40544274628252,
                0.0,
                0.6427876096865394,
                0.766044443118978,
                405.2896882420613,
                0.0,
                0.0,
                0.0,
                1.0
            ],
            "fov": 20.0,
            "aspect": 1
        },
        {
            "camera_to_world": [
                -0.6494480483301835,
                -0.5825047644624246,
                0.48877953301942884,
                238.5244121134813,
                0.760405965600031,
                -0.4975060685178026,
                0.41745715860174676,
                203.71909339765244,
                0.0,
                0.6427876096865395,
                0.766044443118978,
                405.2896882420613,
                0.0,
                0.0,
                0.0,
                1.0
            ],
            "fov": 20.0,
            "aspect": 1
        },
        {
            "camera_to_world": [
                -0.6691306063588581,
                -0.5692819639895806,
                0.4776842860195348,
                233.109931577533,
                0.7431448254773942,
                -0.5125837827220356,
                0.4301088630295152,
                209.89312515840342,
                0.0,
                0.6427876096865395,
                0.766044443118978,
                405.2896882420613,
                0.0,
                0.0,
                0.0,
                1.0
            ],
            "fov": 20.0,
            "aspect": 1
        },
        {
            "camera_to_world": [
                -0.6883545756937539,
                -0.5556690060948869,
                0.46626165807086534,
                227.5356891385823,
                0.7253743710122876,
                -0.5273101976057222,
                0.44246579232698013,
                215.92330665556634,
                0.0,
                0.6427876096865394,
                0.766044443118978,
                405.2896882420613,
                0.0,
                0.0,
                0.0,
                1.0
            ],
            "fov": 20.0,
            "aspect": 1
        },
        {
            "camera_to_world": [
                -0.7071067811865475,
                -0.541675220419702,
                0.4545194776720437,
                221.80550510395736,
                0.7071067811865477,
                -0.5416752204197018,
                0.4545194776720436,
                221.8055051039573,
                0.0,
                0.6427876096865393,
                0.766044443118978,
                405.2896882420613,
                0.0,
                0.0,
                0.0,
                1.0
            ],
            "fov": 20.0,
            "aspect": 1
        },
        {
            "camera_to_world": [
                -0.7253743710122876,
                -0.5273101976057223,
                0.4424657923269802,
                215.92330665556636,
                0.6883545756937541,
                -0.5556690060948868,
                0.4662616580708652,
                227.53568913858226,
                0.0,
                0.6427876096865394,
                0.766044443118978,
                405.2896882420613,
                0.0,
                0.0,
                0.0,
                1.0
            ],
            "fov": 20.0,
            "aspect": 1
        },
        {
            "camera_to_world": [
                -0.7431448254773941,
                -0.5125837827220358,
                0.4301088630295152,
                209.89312515840342,
                0.6691306063588582,
                -0.5692819639895806,
                0.47768428601953467,
                233.10993157753293,
                0.0,
                0.6427876096865394,
                0.766044443118978,
                405.2896882420613,
                0.0,
                0.0,
                0.0,
                1.0
            ],
            "fov": 20.0,
            "aspect": 1
        },
        {
            "camera_to_world": [
                -0.7604059656000309,
                -0.49750606851780266,
                0.4174571586017468,
                203.71909339765247,
                0.6494480483301837,
                -0.5825047644624245,
                0.4887795330194288,
                238.52441211348128,
                0.0,
                0.6427876096865394,
                0.766044443118978,
                405.2896882420613,
                0.0,
                0.0,
                0.0,
                1.0
            ],
            "fov": 20.0,
            "aspect": 1
        },
        {
            "camera_to_world": [
                -0.7771459614569709,
                -0.48208738850519023,
                0.40451934988992316,
                197.40544274628252,
                0.6293203910498374,
                -0.5953283452664682,
                0.4995397949424738,
                243.77541993192725,
                0.0,
                0.6427876096865394,
                0.766044443118978,
                405.2896882420613,
                0.0,
                0.0,
                0.0,
                1.0
            ],
            "fov": 20.0,
            "aspect": 1
        },
        {
            "camera_to_world": [
                -0.7933533402912352,
                -0.46633830987729863,
                0.3913043038218774,
                190.95650026507622,
                0.6087614290087205,
                -0.6077439177599804,
                0.5099576972426347,
                248.85935625440578,
                0.0,
                0.6427876096865395,
                0.766044443118978,
                405.2896882420613,
                0.0,
                0.0,
                0.0,
                1.0
            ],
            "fov": 20.0,
            "aspect": 1
        },
        {
            "camera_to_world": [
                -0.8090169943749476,
                -0.4502696262659355,
                0.37782107733007825,
                184.37668573707822,
                0.5877852522924731,
                -0.619742972929746,
                0.5200261000100609,
                253.77273680490973,
                0.0,
                0.6427876096865394,
                0.766044443118978,
                405.2896882420613,
                0.0,
                0.0,
                0.0,
                1.0
            ],
            "fov": 20.0,
            "aspect": 1
        },
        {
            "camera_to_world": [
                -0.8241261886220157,
                -0.4338923503441995,
                0.364078911144461,
                177.67050863849698,
                0.5664062369248328,
                -0.6313172872227178,
                0.5297381028644236,
                258.5121941978387,
                0.0,
                0.6427876096865395,
                0.766044443118978,
                405.2896882420613,
                0.0,
                0.0,
                0.0,
                1.0
            ],
            "fov": 20.0,
            "aspect": 1
        },
        {
            "camera_to_world": [
                -0.838670567945424,
                -0.417217706278944,
                0.35008722345929266,
                170.84256504813484,
                0.5446390350150271,
                -0.6424589281820294,
                0.5390870496840915,
                263.0744802458367,
                0.0,
                0.6427876096865394,
                0.766044443118978,
                405.2896882420613,
                0.0,
                0.0,
                0.0,
                1.0
            ],
            "fov": 20.0,
            "aspect": 1
        },
        {
            "camera_to_world": [
                -0.8526401643540922,
                -0.40025712203829444,
                0.33585560347841237,
                163.89753449746524,
                0.5224985647159489,
                -0.6531602598835046,
                0.5480665331679049,
                267.45646818593764,
                0.0,
                0.6427876096865394,
                0.766044443118978,
                405.2896882420613,
                0.0,
                0.0,
                0.0,
                1.0
            ],
            "fov": 20.0,
            "aspect": 1
        },
        {
            "camera_to_world": [
                -0.8660254037844386,
                -0.38302222155948923,
                0.32139380484326974,
                156.84017676351564,
                0.5000000000000002,
                -0.6634139481689384,
                0.5566703992264193,
                271.6551548224926,
                0.0,
                0.6427876096865394,
                0.7660444431189781,
                405.2896882420613,
                0.0,
                0.0,
                0.0,
                1.0
            ],
            "fov": 20.0,
            "aspect": 1
        },
        {
            "camera_to_world": [
                -0.8788171126619652,
                -0.36552481678241394,
                0.30671173894826625,
                149.67532860675394,
                0.4771587602596086,
                -0.6732129656725635,
                0.5648927511996107,
                275.66766258541,
                0.0,
                0.6427876096865393,
                0.7660444431189781,
                405.2896882420613,
                0.0,
                0.0,
                0.0,
                1.0
            ],
            "fov": 20.0,
            "aspect": 1
        },
        {
            "camera_to_world": [
                -0.8910065241883678,
                -0.3477768995542878,
                0.29181946814798077,
                142.4079004562146,
                0.4539904997395469,
                -0.6825505966372545,
                0.5727279538981526,
                279.49124150229846,
                0.0,
                0.6427876096865393,
                0.7660444431189781,
                405.2896882420613,
                0.0,
                0.0,
                0.0,
                1.0
            ],
            "fov": 20.0,
            "aspect": 1
        },
        {
            "camera_to_world": [
                -0.9025852843498606,
                -0.3297906334110511,
                0.27672719886093444,
                135.042873044136,
                0.4305110968082953,
                -0.6914204415171735,
                0.5801706374654922,
                283.1232710831602,
                0.0,
                0.6427876096865393,
                0.7660444431189781,
                405.2896882420613,
                0.0,
                0.0,
                0.0,
                1.0
            ],
            "fov": 20.0,
            "aspect": 1
        },
        {
            "camera_to_world": [
                -0.9135454576426008,
                -0.31157834524108413,
                0.26144527457462086,
                127.58529399241498,
                0.4067366430758005,
                -0.6998164213636981,
                0.587215701058083,
                286.5612621163445,
                0.0,
                0.6427876096865393,
                0.7660444431189781,
                405.2896882420613,
                0.0,
                0.0,
                0.0,
                1.0
            ],
            "fov": 20.0,
            "aspect": 1
        },
        {
            "camera_to_world": [
                -0.9238795325112867,
                -0.2931525168369744,
                0.24598416875659654,
                120.04027435321912,
                0.3826834323650899,
                -0.7077327819916305,
                0.5938583163412473,
                289.80285837452874,
                0.0,
                0.6427876096865394,
                0.766044443118978,
                405.2896882420613,
                0.0,
                0.0,
                0.0,
                1.0
            ],
            "fov": 20.0,
            "aspect": 1
        },
        {
            "camera_to_world": [
                -0.9335804264972016,
                -0.2745257763411197,
                0.23035447767648998,
                112.41298510612712,
                0.3583679495453004,
                -0.7151640979228269,
                0.6000939307982762,
                292.8458382295588,
                0.0,
                0.6427876096865394,
                0.766044443118978,
                405.2896882420613,
                0.0,
                0.0,
                0.0,
                1.0
            ],
            "fov": 20.0,
            "aspect": 1
        },
        {
            "camera_to_world": [
                -0.9426414910921784,
                -0.25571088959102917,
                0.21456691314384674,
                104.70865361419722,
                0.33380685923377096,
                -0.7221052761045509,
                0.6059182708504967,
                295.6881161750424,
                0.0,
                0.6427876096865395,
                0.766044443118978,
                405.2896882420613,
                0.0,
                0.0,
                0.0,
                1.0
            ],
            "fov": 20.0,
            "aspect": 1
        },
        {
            "camera_to_world": [
                -0.9510565162951535,
                -0.23672075137025694,
                0.19863229516679123,
                96.93256004139414,
                0.3090169943749474,
                -0.7285515593999962,
                0.611327344786169,
                298.3277442556505,
                0.0,
                0.6427876096865394,
                0.766044443118978,
                405.2896882420613,
                0.0,
                0.0,
                0.0,
                1.0
            ],
            "fov": 20.0,
            "aspect": 1
        },
        {
            "camera_to_world": [
                -0.958819734868193,
                -0.21756837657096112,
                0.182561544536533,
                89.09003373382812,
                0.28401534470392276,
                -0.7344985298485912,
                0.6163174454962072,
                300.76291340214914,
                0.0,
                0.6427876096865394,
                0.766044443118978,
                405.2896882420613,
                0.0,
                0.0,
                0.0,
                1.0
            ],
            "fov": 20.0,
            "aspect": 1
        },
        {
            "camera_to_world": [
                -0.9659258262890682,
                -0.19826689127414618,
                0.16636567534280194,
                81.18644956728735,
                0.25881904510252074,
                -0.739942111693848,
                0.6208851530148457,
                302.99195467124474,
                0.0,
                0.6427876096865395,
                0.766044443118978,
                405.2896882420613,
                0.0,
                0.0,
                0.0,
                1.0
            ],
            "fov": 20.0,
            "aspect": 1
        },
        {
            "camera_to_world": [
                -0.9723699203976766,
                -0.1788295237537043,
                0.15005578742534192,
                73.22722426356687,
                0.23344536385590547,
                -0.7448785741766831,
                0.6250273368635131,
                305.01334038939444,
                0.0,
                0.6427876096865394,
                0.766044443118978,
                405.2896882420613,
                0.0,
                0.0,
                0.0,
                1.0
            ],
            "fov": 20.0,
            "aspect": 1
        },
        {
            "camera_to_world": [
                -0.9781476007338056,
                -0.1592695954104155,
                0.1336430587666343,
                65.21781267811754,
                0.20791169081775923,
                -0.7493045340922926,
                0.6287411581963065,
                306.8256851997976,
                0.0,
                0.6427876096865395,
                0.766044443118978,
                405.2896882420613,
                0.0,
                0.0,
                0.0,
                1.0
            ],
            "fov": 20.0,
            "aspect": 1
        },
        {
            "camera_to_world": [
                -0.9832549075639546,
                -0.13960051164212647,
                0.11713873783106787,
                57.16370406156112,
                0.1822355254921475,
                -0.7532169581088319,
                0.6320240717455935,
                308.42774701184965,
                0.0,
                0.6427876096865393,
                0.7660444431189781,
                405.2896882420613,
                0.0,
                0.0,
                0.0,
                1.0
            ],
            "fov": 20.0,
            "aspect": 1
        },
        {
            "camera_to_world": [
                -0.9876883405951377,
                -0.11983575265635893,
                0.10055413585580253,
                49.07041829763164,
                0.1564344650402309,
                -0.7566131648463098,
                0.6348738275664131,
                309.8184278524096,
                0.0,
                0.6427876096865394,
                0.766044443118978,
                405.2896882420613,
                0.0,
                0.0,
                0.0,
                1.0
            ],
            "fov": 20.0,
            "aspect": 1
        },
        {
            "camera_to_world": [
                -0.9914448613738104,
                -0.09998886423165006,
                0.08390061909861267,
                40.943502120122986,
                0.13052619222005152,
                -0.759490826714273,
                0.6372884725784739,
                310.99677461829526,
                0.0,
                0.6427876096865393,
                0.7660444431189781,
                405.2896882420613,
                0.0,
                0.0,
                0.0,
                1.0
            ],
            "fov": 20.0,
            "aspect": 1
        },
        {
            "camera_to_world": [
                -0.9945218953682734,
                -0.08007344843395214,
                0.06718960104802219,
                32.78852531143483,
                0.10452846326765346,
                -0.7618479715070196,
                0.6392663519046989,
                311.9619797294931,
                0.0,
                0.6427876096865394,
                0.766044443118978,
                405.2896882420613,
                0.0,
                0.0,
                0.0,
                1.0
            ],
            "fov": 20.0,
            "aspect": 1
        },
        {
            "camera_to_world": [
                -0.996917333733128,
                -0.06010315429445562,
                0.05043253460106885,
                24.6110768853216,
                0.078459095727845,
                -0.7636829837552505,
                0.6408061100053952,
                312.7133816826329,
                0.0,
                0.6427876096865394,
                0.766044443118978,
                405.2896882420613,
                0.0,
                0.0,
                0.0,
                1.0
            ],
            "fov": 20.0,
            "aspect": 1
        },
        {
            "camera_to_world": [
                -0.9986295347545738,
                -0.040091668455225035,
                0.03364090421406112,
                16.41676125646183,
                0.05233595624294374,
                -0.7649946058332316,
                0.6419066916072734,
                313.25046550434945,
                0.0,
                0.6427876096865394,
                0.766044443118978,
                405.2896882420613,
                0.0,
                0.0,
                0.0,
                1.0
            ],
            "fov": 20.0,
            "aspect": 1
        },
        {
            "camera_to_world": [
                -0.9996573249755573,
                -0.020052705789058947,
                0.01682621803170587,
                8.211194399472467,
                0.02617694830787313,
                -0.765781938820708,
                0.6425673424266786,
                313.57286310421915,
                0.0,
                0.6427876096865394,
                0.766044443118978,
                405.2896882420613,
                0.0,
                0.0,
                0.0,
                1.0
            ],
            "fov": 20.0,
            "aspect": 1
        },
        {
            "camera_to_world": [
                -1.0,
                -2.1700272949088283e-16,
                1.8208691028026279e-16,
                8.885841221676824e-14,
                2.8327694488239903e-16,
                -0.7660444431189781,
                0.6427876096865393,
                313.6803535270312,
                0.0,
                0.6427876096865393,
                0.7660444431189781,
                405.2896882420613,
                0.0,
                0.0,
                0.0,
                1.0
            ],
            "fov": 20.0,
            "aspect": 1
        },
        {
            "camera_to_world": [
                -0.9996573249755573,
                0.02005270578905885,
                -0.01682621803170579,
                -8.211194399472427,
                -0.026176948307873007,
                -0.765781938820708,
                0.6425673424266786,
                313.57286310421915,
                0.0,
                0.6427876096865394,
                0.766044443118978,
                405.2896882420613,
                0.0,
                0.0,
                0.0,
                1.0
            ],
            "fov": 20.0,
            "aspect": 1
        },
        {
            "camera_to_world": [
                -0.9986295347545738,
                0.04009166845522493,
                -0.03364090421406104,
                -16.41676125646179,
                -0.0523359562429436,
                -0.7649946058332316,
                0.6419066916072735,
                313.2504655043495,
                0.0,
                0.6427876096865394,
                0.766044443118978,
                405.2896882420613,
                0.0,
                0.0,
                0.0,
                1.0
            ],
            "fov": 20.0,
            "aspect": 1
        },
        {
            "camera_to_world": [
                -0.996917333733128,
                0.06010315429445554,
                -0.050432534601068786,
                -24.61107688532157,
                -0.0784590957278449,
                -0.7636829837552505,
                0.6408061100053952,
                312.7133816826329,
                0.0,
                0.6427876096865394,
                0.766044443118978,
                405.2896882420613,
                0.0,
                0.0,
                0.0,
                1.0
            ],
            "fov": 20.0,
            "aspect": 1
        },
        {
            "camera_to_world": [
                -0.9945218953682734,
                0.08007344843395206,
                -0.06718960104802212,
