{
    "_target": [
        0.0,
        0.0,
        58.4
    ],
    "_radius": 488.4608479704387,
    "_elevation": 50.149373258164985,
    "camera_type": "perspective",
    "render_height": 1024,
    "render_width": 1024,
    "fps": 30,
    "camera_path": [
        {
            "camera_to_world": [
                0.0,
                -0.7677176206816371,
                0.6407883073956063,
                313.0,
                1.0,
                0.0,
                -0.0,
                0.0,
                -0.0,
                0.6407883073956063,
                0.7677176206816371,
                433.40000000000003,
                0.0,
                0.0,
                0.0,
                1.0
            ],
            "fov": 20.0,
            "aspect": 1
        },
        {
            "camera_to_world": [
                -0.020942419883356954,
                -0.7675492475207693,
                0.6406477719306688,
                312.9313539276267,
                0.9997806834748455,
                -0.01607786476416661,
                0.013419657789824397,
                6.554977423490728,
                0.0,
                0.6407883073956064,
                0.7677176206816371,
                433.40000000000003,
                0.0,
                0.0,
                0.0,
                1.0
            ],
            "fov": 20.0,
            "aspect": 1
        },
        {
            "camera_to_world": [
                -0.04187565372919962,
                -0.767044201892199,
                0.6402262271793554,
                312.7254458209427,
                0.9991228300988584,
                -0.03214867724546925,
                0.026833429274218334,
                13.107079617239483,
                0.0,
                0.6407883073956063,
                0.767717620681637,
                433.40000000000003,
                0.0,
                0.0,
                0.0,
                1.0
            ],
            "fov": 20.0,
            "aspect": 1
        },
        {
            "camera_to_world": [
                -0.06279051952931337,
                -0.766202705325631,
                0.6395238580451266,
                312.382365998049,
                0.9980267284282716,
                -0.04820538825440833,
                0.04023543072967948,
                19.653432612675086,
                0.0,
                0.6407883073956063,
                0.7677176206816371,
                433.40000000000003,
                0.0,
                0.0,
                0.0,
                1.0
            ],
            "fov": 20.0,
            "aspect": 1
        },
        {
            "camera_to_world": [
                -0.0836778433323155,
                -0.765025126929271,
                0.6385409726102979,
                311.90226494509477,
                0.9964928592495044,
                -0.06424095478685606,
                0.053619783595429155,
                26.191164963014742,
                0.0,
                0.6407883073956062,
                0.7677176206816371,
                433.40000000000003,
                0.0,
                0.0,
                0.0,
                1.0
            ],
            "fov": 20.0,
            "aspect": 1
        },
        {
            "camera_to_world": [
                -0.10452846326765346,
                -0.7635119832279228,
                0.6372780020009062,
                311.28535325026957,
                0.9945218953682733,
                -0.08024834311335081,
                0.06698061705194348,
                32.71740900277554,
                0.0,
                0.6407883073956063,
                0.7677176206816371,
                433.40000000000003,
                0.0,
                0.0,
                0.0,
                1.0
            ],
            "fov": 20.0,
            "aspect": 1
        },
        {
            "camera_to_world": [
                -0.12533323356430429,
                -0.7616639379364241,
                0.6357355001976017,
                310.5319015114315,
                0.9921147013144778,
                -0.0962205318643236,
                0.08031207059608873,
                39.229302105627234,
                0.0,
                0.6407883073956062,
                0.7677176206816372,
                433.40000000000003,
                0.0,
                0.0,
                0.0,
                1.0
            ],
            "fov": 20.0,
            "aspect": 1
        },
        {
            "camera_to_world": [
                -0.14608302856241165,
                -0.7594818016685178,
                0.6339141437926559,
                309.6422402174153,
                0.9892723329629883,
                -0.11215051510990232,
                0.09360829661173176,
                45.72398794003484,
                0.0,
                0.6407883073956063,
                0.7677176206816371,
                433.40000000000003,
                0.0,
                0.0,
                0.0,
                1.0
            ],
            "fov": 20.0,
            "aspect": 1
        },
        {
            "camera_to_world": [
                -0.16676874671610223,
                -0.7569665315812912,
                0.6318147316931844,
                308.61675960306803,
                0.9859960370705049,
                -0.12803130543294458,
                0.10686346293469773,
                52.19861772214,
                0.0,
                0.6407883073956063,
                0.7677176206816371,
                433.40000000000003,
                0.0,
                0.0,
                0.0,
                1.0
            ],
            "fov": 20.0,
            "aspect": 1
        },
        {
            "camera_to_world": [
                -0.18738131458572463,
                -0.7541192309553356,
                0.62943818477072,
                307.45590947807955,
                0.9822872507286887,
                -0.14385593699394986,
                0.12007175541095012,
                58.65035146533181,
                0.0,
                0.6407883073956063,
                0.7677176206816371,
                433.40000000000003,
                0.0,
                0.0,
                0.0,
                1.0
            ],
            "fov": 20.0,
            "aspect": 1
        },
        {
            "camera_to_world": [
                -0.20791169081775937,
                -0.7509411487108092,
                0.6267855454572887,
                306.16019902968117,
                0.9781476007338057,
                -0.15961746858650638,
                0.13322738044687066,
                65.07635922595868,
                0.0,
                0.6407883073956064,
                0.7677176206816371,
                433.40000000000003,
                0.0,
                0.0,
                0.0,
                1.0
            ],
            "fov": 20.0,
            "aspect": 1
        },
        {
            "camera_to_world": [
                -0.2283508701106557,
                -0.7474336788596212,
                0.6238579772881638,
                304.73019659929923,
                0.9735789028731604,
                -0.17530898668193412,
                0.146324567550521,
                71.47382234463524,
                0.0,
                0.6407883073956064,
                0.767717620681637,
                433.40000000000003,
                0.0,
                0.0,
                0.0,
                1.0
            ],
            "fov": 20.0,
            "aspect": 1
        },
        {
            "camera_to_world": [
                -0.2486898871648548,
                -0.7435983598939714,
                0.6206567643915014,
                303.1665294332616,
                0.9685831611286312,
                -0.19092360846178708,
                0.15935757186277164,
                77.83993468259956,
                0.0,
                0.6407883073956064,
                0.767717620681637,
                433.40000000000003,
                0.0,
                0.0,
                0.0,
                1.0
            ],
            "fov": 20.0,
            "aspect": 1
        },
        {
            "camera_to_world": [
                -0.26891982061526565,
                -0.7394368741115164,
                0.617183310925079,
                301.46988340766706,
                0.9631625667976581,
                -0.20645448483688442,
                0.17232067667718617,
                84.17190385257817,
                0.0,
                0.6407883073956064,
                0.767717620681637,
                433.40000000000003,
                0.0,
                0.0,
                0.0,
                1.0
            ],
            "fov": 20.0,
            "aspect": 1
        },
        {
            "camera_to_world": [
                -0.2890317969444717,
                -0.734951046877459,
                0.6134391404603856,
                299.64100272753706,
                0.9573194975320672,
                -0.22189480345154786,
                0.18520819594755855,
                90.46695244361963,
                0.0,
                0.6407883073956063,
                0.767717620681637,
                433.40000000000003,
                0.0,
                0.0,
                0.0,
                1.0
            ],
            "fov": 20.0,
            "aspect": 1
        },
        {
            "camera_to_world": [
                -0.3090169943749474,
                -0.7301428458238819,
                0.6094258953143333,
                297.6806896003831,
                0.9510565162951535,
                -0.23723779167172543,
                0.19801447678200015,
                96.72231923935855,
                0.0,
                0.6407883073956064,
                0.767717620681637,
                433.40000000000003,
                0.0,
                0.0,
                0.0,
                1.0
            ],
            "fov": 20.0,
            "aspect": 1
        },
        {
            "camera_to_world": [
                -0.32886664673858323,
                -0.7250143799866797,
                0.605145335828882,
                295.58980388433156,
                0.9443763702374811,
                -0.25247671955569356,
                0.21073390192248556,
                102.93526042917655,
                0.0,
                0.6407883073956063,
                0.7677176206816371,
                433.40000000000003,
                0.0,
                0.0,
                0.0,
                1.0
            ],
            "fov": 20.0,
            "aspect": 1
        },
        {
            "camera_to_world": [
                -0.3485720473218153,
                -0.7195678988804661,
                0.6005993395988956,
                293.369262710962,
                0.9372819894918916,
                -0.26760490280603105,
                0.22336089220876718,
                109.10305081172817,
                0.0,
                0.6407883073956063,
                0.7677176206816371,
                433.40000000000003,
                0.0,
                0.0,
                0.0,
                1.0
            ],
            "fov": 20.0,
            "aspect": 1
        },
        {
            "camera_to_world": [
                -0.368124552684678,
                -0.7138057915118621,
                0.5957899006485674,
                291.02004008302265,
                0.9297764858882513,
                -0.2826157057015729,
                0.2358899090255795,
                115.2229849903042,
                0.0,
                0.6407883073956063,
                0.7677176206816371,
                433.40000000000003,
                0.0,
                0.0,
                0.0,
                1.0
            ],
            "fov": 20.0,
            "aspect": 1
        },
        {
            "camera_to_world": [
                -0.3875155864521029,
                -0.707730585331599,
                0.5907191285567746,
                288.5431664472007,
                0.9218631515885006,
                -0.29750254400805765,
                0.24831545673205876,
                121.29237855950821,
                0.0,
                0.6407883073956063,
                0.7677176206816371,
                433.40000000000003,
                0.0,
                0.0,
                0.0,
                1.0
            ],
            "fov": 20.0,
            "aspect": 1
        },
        {
            "camera_to_world": [
                -0.4067366430758003,
                -0.7013449451258948,
                0.5853892475317467,
                285.93972824213404,
                0.9135454576426009,
                -0.31225888786618966,
                0.2606320850723129,
                127.30856928272547,
                0.0,
                0.6407883073956062,
                0.7677176206816371,
                433.40000000000003,
                0.0,
                0.0,
                0.0,
                1.0
            ],
            "fov": 20.0,
            "aspect": 1
        },
        {
            "camera_to_world": [
                -0.4257792915650727,
                -0.6946516718475912,
                0.5798025954354561,
                283.21086742186407,
                0.9048270524660195,
                -0.3268782646558506,
                0.2728343915660833,
                133.26891825986775,
                0.0,
                0.6407883073956063,
                0.7677176206816371,
                433.40000000000003,
                0.0,
                0.0,
                0.0,
                1.0
            ],
            "fov": 20.0,
            "aspect": 1
        },
        {
            "camera_to_world": [
                -0.44463517918492756,
                -0.6876537013875631,
                0.5739616227581524,
                280.3577809549362,
                0.8957117602394129,
                -0.341354261835206,
                0.2849170238784518,
                139.17081108488227,
                0.0,
                0.6407883073956063,
                0.7677176206816372,
                433.40000000000003,
                0.0,
                0.0,
                0.0,
                1.0
            ],
            "fov": 20.0,
            "aspect": 1
        },
        {
            "camera_to_world": [
                -0.46329603511986184,
                -0.6803541032869388,
                0.5678688915434981,
                277.38172029937016,
                0.8862035792312147,
                -0.3556805297534565,
                0.2968746821675516,
                145.01165899251671,
                0.0,
                0.6407883073956063,
                0.7677176206816371,
                433.40000000000003,
                0.0,
                0.0,
                0.0,
                1.0
            ],
            "fov": 20.0,
            "aspect": 1
        },
        {
            "camera_to_world": [
                -0.4817536741017154,
                -0.6727560793906996,
                0.5615270742647704,
                274.2839908537292,
                0.8763066800438635,
                -0.3698507844360058,
                0.30870212140925274,
                150.78889999383688,
                0.0,
                0.6407883073956062,
                0.7677176206816372,
                433.40000000000003,
                0.0,
                0.0,
                0.0,
                1.0
            ],
            "fov": 20.0,
            "aspect": 1
        },
        {
            "camera_to_world": [
                -0.5000000000000001,
                -0.6648629624432433,
                0.5549389526526268,
                271.0659513845292,
                0.8660254037844386,
                -0.3838588103408187,
                0.32039415369780316,
                156.5,
                0.0,
                0.6407883073956063,
                0.7677176206816371,
                433.40000000000003,
                0.0,
                0.0,
                0.0,
                1.0
            ],
            "fov": 20.0,
            "aspect": 1
        },
        {
            "camera_to_world": [
                -0.5180270093731302,
                -0.6566782146265331,
                0.5481074164749461,
                267.7290134302386,
                0.8553642601605068,
                -0.3976984630847636,
                0.3319456505214159,
                162.1424539337897,
                0.0,
                0.6407883073956063,
                0.7677176206816371,
                433.40000000000003,
                0.0,
                0.0,
                0.0,
                1.0
            ],
            "fov": 20.0,
            "aspect": 1
        },
        {
            "camera_to_world": [
                -0.5358267949789965,
                -0.6482054260414696,
                0.5410354622692799,
                264.2746406821307,
                0.8443279255020152,
                -0.4113636721387426,
                0.34335154501180376,
                167.71378682842592,
                0.0,
                0.6407883073956064,
                0.7677176206816371,
                433.40000000000003,
                0.0,
                0.0,
                0.0,
                1.0
            ],
            "fov": 20.0,
            "aspect": 1
        },
        {
            "camera_to_world": [
                -0.553391549243344,
                -0.6394483131331548,
                0.533726192028473,
                260.70434834226114,
                0.8329212407100995,
                -0.42484844349042505,
                0.3546068341666747,
                173.21155491316665,
                0.0,
                0.6407883073956063,
                0.7677176206816371,
                433.40000000000003,
                0.0,
                0.0,
                0.0,
                1.0
            ],
            "fov": 20.0,
            "aspect": 1
        },
        {
            "camera_to_world": [
                -0.5707135676844316,
                -0.6304107170607354,
                0.526182811840027,
                257.0197024588494,
                0.8211492091337041,
                -0.43814686227342026,
                0.3657065810442147,
                178.63334668522708,
                0.0,
                0.6407883073956063,
                0.7677176206816371,
                433.40000000000003,
                0.0,
                0.0,
                0.0,
                1.0
            ],
            "fov": 20.0,
            "aspect": 1
        },
        {
            "camera_to_world": [
                -0.587785252292473,
                -0.621096602012544,
                0.5184086304798033,
                253.22231923935857,
                0.8090169943749475,
                -0.45125309536173314,
                0.3766459169285932,
                183.97678396754407,
                0.0,
                0.6407883073956064,
                0.767717620681637,
                433.40000000000003,
                0.0,
                0.0,
                0.0,
                1.0
            ],
            "fov": 20.0,
            "aspect": 1
        },
        {
            "camera_to_world": [
                -0.6045991148623747,
                -0.6115100534672755,
                0.5104070579606859,
                249.3138643415735,
                0.7965299180241964,
                -0.4641613939283661,
                0.3874200434655429,
                189.2395229519233,
                0.0,
                0.6407883073956064,
                0.767717620681637,
                433.40000000000003,
                0.0,
                0.0,
                0.0,
                1.0
            ],
            "fov": 20.0,
            "aspect": 1
        },
        {
            "camera_to_world": [
                -0.6211477802783101,
                -0.6016552764019598,
                0.5021816040368358,
                245.29605214298792,
                0.7836934573258398,
                -0.47686609596694457,
                0.3980242347670763,
                194.41925522711108,
                0.0,
                0.6407883073956063,
                0.767717620681637,
                433.40000000000003,
                0.0,
                0.0,
                0.0,
                1.0
            ],
            "fov": 20.0,
            "aspect": 1
        },
        {
            "camera_to_world": [
                -0.6374239897486895,
                -0.5915365934475216,
                0.49373587666419794,
                241.1706449888221,
                0.7705132427757894,
                -0.4893616287752601,
                0.4084538394844171,
                199.51370879133987,
                0.0,
                0.6407883073956064,
                0.767717620681637,
                433.40000000000003,
                0.0,
                0.0,
                0.0,
                1.0
            ],
            "fov": 20.0,
            "aspect": 1
        },
        {
            "camera_to_world": [
                -0.6534206039901053,
                -0.5811584429927299,
                0.4850735804179318,
                236.9394524189998,
                0.7569950556517564,
                -0.5016425113996419,
                0.41870428284823435,
                204.52064904890298,
                0.0,
                0.6407883073956063,
                0.767717620681637,
                433.40000000000003,
                0.0,
                0.0,
                0.0,
                1.0
            ],
            "fov": 20.0,
            "aspect": 1
        },
        {
            "camera_to_world": [
                -0.6691306063588581,
                -0.5705253772373756,
                0.47619851486746284,
                232.60433037442445,
                0.7431448254773945,
                -0.5137033570390835,
                0.4287710686752884,
                209.43787979032257,
                0.0,
                0.6407883073956063,
                0.7677176206816371,
                433.40000000000003,
                0.0,
                0.0,
                0.0,
                1.0
            ],
            "fov": 20.0,
            "aspect": 1
        },
        {
            "camera_to_world": [
                -0.6845471059286886,
                -0.5596420601955249,
                0.46711457290986474,
                228.16718038290185,
                0.7289686274214117,
                -0.5255388754080733,
                0.43864978134060517,
                214.26324415567953,
                0.0,
                0.6407883073956063,
                0.7677176206816371,
                433.40000000000003,
                0.0,
                0.0,
                0.0,
                1.0
            ],
            "fov": 20.0,
            "aspect": 1
        },
        {
            "camera_to_world": [
                -0.6996633405133654,
                -0.5485132656497294,
                0.45782573906230745,
                223.6299487250675,
                0.7144726796328035,
                -0.5371438750570868,
                0.44833608771431516,
                218.99462558068336,
                0.0,
                0.6407883073956063,
                0.7677176206816371,
                433.40000000000003,
                0.0,
                0.0,
                0.0,
                1.0
            ],
            "fov": 20.0,
            "aspect": 1
        },
        {
            "camera_to_world": [
                -0.7144726796328034,
                -0.5371438750570869,
                0.44833608771431516,
                218.9946255806834,
                0.6996633405133654,
                -0.5485132656497294,
                0.45782573906230734,
                223.62994872506746,
                0.0,
                0.6407883073956063,
                0.767717620681637,
                433.40000000000003,
                0.0,
                0.0,
                0.0,
                1.0
            ],
            "fov": 20.0,
            "aspect": 1
        },
        {
            "camera_to_world": [
                -0.7289686274214114,
                -0.5255388754080735,
                0.43864978134060534,
                214.2632441556796,
                0.6845471059286888,
                -0.5596420601955248,
                0.46711457290986463,
                228.1671803829018,
                0.0,
                0.6407883073956064,
                0.7677176206816371,
                433.40000000000003,
                0.0,
                0.0,
                0.0,
                1.0
            ],
            "fov": 20.0,
            "aspect": 1
        },
        {
            "camera_to_world": [
                -0.7431448254773942,
                -0.5137033570390838,
                0.4287710686752885,
                209.43787979032263,
                0.6691306063588582,
                -0.5705253772373755,
                0.47619851486746273,
                232.6043303744244,
                0.0,
                0.6407883073956064,
                0.7677176206816371,
                433.40000000000003,
                0.0,
                0.0,
                0.0,
                1.0
            ],
            "fov": 20.0,
            "aspect": 1
        },
        {
            "camera_to_world": [
                -0.7569950556517563,
                -0.501642511399642,
                0.41870428284823447,
                204.52064904890304,
                0.6534206039901055,
                -0.5811584429927298,
                0.48507358041793175,
                236.93945241899976,
                0.0,
                0.6407883073956063,
                0.767717620681637,
                433.40000000000003,
                0.0,
                0.0,
                0.0,
                1.0
            ],
            "fov": 20.0,
            "aspect": 1
        },
        {
            "camera_to_world": [
                -0.7705132427757894,
                -0.4893616287752601,
                0.40845383948441716,
                199.5137087913399,
                0.6374239897486896,
                -0.5915365934475215,
                0.49373587666419794,
                241.1706449888221,
                0.0,
                0.6407883073956064,
                0.767717620681637,
                433.40000000000003,
                0.0,
                0.0,
                0.0,
                1.0
            ],
            "fov": 20.0,
            "aspect": 1
        },
        {
            "camera_to_world": [
                -0.7836934573258397,
                -0.47686609596694474,
                0.3980242347670765,
                194.41925522711117,
                0.6211477802783104,
                -0.6016552764019598,
                0.5021816040368356,
                245.29605214298786,
                0.0,
                0.6407883073956064,
                0.767717620681637,
                433.40000000000003,
                0.0,
                0.0,
                0.0,
                1.0
            ],
            "fov": 20.0,
            "aspect": 1
        },
        {
            "camera_to_world": [
                -0.7965299180241963,
                -0.4641613939283663,
                0.387420043465543,
                189.23952295192333,
                0.6045991148623749,
                -0.6115100534672754,
                0.5104070579606858,
                249.3138643415734,
                0.0,
                0.6407883073956063,
                0.7677176206816371,
                433.40000000000003,
                0.0,
                0.0,
                0.0,
                1.0
            ],
            "fov": 20.0,
            "aspect": 1
        },
        {
            "camera_to_world": [
                -0.8090169943749475,
                -0.45125309536173314,
                0.3766459169285932,
                183.97678396754407,
                0.587785252292473,
                -0.621096602012544,
                0.5184086304798033,
                253.22231923935857,
                0.0,
                0.6407883073956063,
                0.7677176206816371,
                433.40000000000003,
                0.0,
                0.0,
                0.0,
                1.0
            ],
            "fov": 20.0,
            "aspect": 1
        },
        {
            "camera_to_world": [
                -0.8211492091337039,
                -0.4381468622734204,
                0.36570658104421483,
                178.63334668522714,
                0.5707135676844317,
                -0.6304107170607353,
                0.5261828118400269,
                257.01970245884934,
                0.0,
                0.6407883073956063,
                0.7677176206816371,
                433.40000000000003,
                0.0,
                0.0,
                0.0,
                1.0
            ],
            "fov": 20.0,
            "aspect": 1
        },
        {
            "camera_to_world": [
                -0.8329212407100995,
                -0.42484844349042505,
                0.3546068341666747,
                173.21155491316665,
                0.553391549243344,
                -0.6394483131331548,
                0.533726192028473,
                260.70434834226114,
                0.0,
                0.6407883073956063,
                0.7677176206816371,
                433.40000000000003,
                0.0,
                0.0,
                0.0,
                1.0
            ],
            "fov": 20.0,
            "aspect": 1
        },
        {
            "camera_to_world": [
                -0.8443279255020152,
                -0.4113636721387426,
                0.34335154501180376,
                167.71378682842592,
                0.5358267949789967,
                -0.6482054260414695,
                0.5410354622692798,
                264.2746406821307,
                0.0,
                0.6407883073956063,
                0.767717620681637,
                433.40000000000003,
                0.0,
                0.0,
                0.0,
                1.0
            ],
            "fov": 20.0,
            "aspect": 1
        },
        {
            "camera_to_world": [
                -0.8553642601605066,
                -0.3976984630847637,
                0.331945650521416,
                162.14245393378977,
                0.5180270093731303,
                -0.656678214626533,
                0.548107416474946,
                267.7290134302385,
                0.0,
                0.6407883073956062,
                0.7677176206816371,
                433.40000000000003,
                0.0,
                0.0,
                0.0,
                1.0
            ],
            "fov": 20.0,
            "aspect": 1
        },
        {
            "camera_to_world": [
                -0.8660254037844388,
                -0.38385881034081837,
                0.32039415369780305,
                156.49999999999997,
                0.49999999999999983,
                -0.6648629624432433,
                0.554938952652627,
                271.06595138452934,
                0.0,
                0.6407883073956064,
                0.767717620681637,
                433.40000000000003,
                0.0,
                0.0,
                0.0,
                1.0
            ],
            "fov": 20.0,
            "aspect": 1
        },
        {
            "camera_to_world": [
                -0.8763066800438635,
                -0.36985078443600583,
                0.30870212140925274,
                150.7888999938369,
                0.48175367410171543,
                -0.6727560793906996,
                0.5615270742647703,
                274.2839908537292,
                0.0,
                0.6407883073956063,
                0.7677176206816371,
                433.40000000000003,
                0.0,
                0.0,
                0.0,
                1.0
            ],
            "fov": 20.0,
            "aspect": 1
        },
        {
            "camera_to_world": [
                -0.8862035792312147,
                -0.3556805297534565,
                0.2968746821675516,
                145.01165899251671,
                0.46329603511986184,
                -0.6803541032869388,
                0.5678688915434981,
                277.38172029937016,
                0.0,
                0.6407883073956063,
                0.7677176206816371,
                433.40000000000003,
                0.0,
                0.0,
                0.0,
                1.0
            ],
            "fov": 20.0,
            "aspect": 1
        },
        {
            "camera_to_world": [
                -0.8957117602394129,
                -0.34135426183520595,
                0.2849170238784518,
                139.1708110848823,
                0.44463517918492756,
                -0.687653701387563,
                0.5739616227581524,
                280.3577809549362,
                0.0,
                0.6407883073956063,
                0.7677176206816371,
                433.40000000000003,
                0.0,
                0.0,
                0.0,
                1.0
            ],
            "fov": 20.0,
            "aspect": 1
        },
        {
            "camera_to_world": [
                -0.9048270524660195,
                -0.32687826465585057,
                0.27283439156608325,
                133.26891825986775,
                0.4257792915650726,
                -0.6946516718475912,
                0.5798025954354561,
                283.2108674218641,
                0.0,
                0.6407883073956064,
                0.767717620681637,
                433.40000000000003,
                0.0,
                0.0,
                0.0,
                1.0
            ],
            "fov": 20.0,
            "aspect": 1
        },
        {
            "camera_to_world": [
                -0.9135454576426009,
                -0.31225888786618966,
                0.2606320850723129,
                127.30856928272547,
                0.4067366430758003,
                -0.7013449451258948,
                0.5853892475317467,
                285.93972824213404,
                0.0,
                0.6407883073956062,
                0.7677176206816371,
                433.40000000000003,
                0.0,
                0.0,
                0.0,
                1.0
            ],
            "fov": 20.0,
            "aspect": 1
        },
        {
            "camera_to_world": [
                -0.9218631515885006,
                -0.29750254400805765,
                0.24831545673205876,
                121.29237855950821,
                0.3875155864521029,
                -0.707730585331599,
                0.5907191285567746,
                288.5431664472007,
                0.0,
                0.6407883073956063,
                0.7677176206816371,
                433.40000000000003,
                0.0,
                0.0,
                0.0,
                1.0
            ],
            "fov": 20.0,
            "aspect": 1
        },
        {
            "camera_to_world": [
                -0.9297764858882513,
                -0.28261570570157296,
                0.23588990902557955,
                115.22298499030424,
                0.36812455268467803,
                -0.7138057915118621,
                0.5957899006485674,
                291.0200400830227,
                0.0,
                0.6407883073956064,
                0.767717620681637,
                433.40000000000003,
                0.0,
                0.0,
                0.0,
                1.0
            ],
            "fov": 20.0,
            "aspect": 1
        },
        {
            "camera_to_world": [
                -0.9372819894918913,
                -0.26760490280603116,
                0.22336089220876723,
                109.1030508117282,
                0.34857204732181535,
                -0.7195678988804661,
                0.6005993395988956,
                293.369262710962,
                0.0,
                0.6407883073956063,
                0.7677176206816371,
                433.40000000000003,
                0.0,
                0.0,
                0.0,
                1.0
            ],
            "fov": 20.0,
            "aspect": 1
        },
        {
            "camera_to_world": [
                -0.9443763702374809,
                -0.2524767195556937,
                0.21073390192248562,
                102.9352604291766,
                0.32886664673858335,
                -0.7250143799866796,
                0.6051453358288819,
                295.58980388433156,
                0.0,
                0.6407883073956063,
                0.767717620681637,
                433.40000000000003,
                0.0,
                0.0,
                0.0,
                1.0
            ],
            "fov": 20.0,
            "aspect": 1
        },
        {
            "camera_to_world": [
                -0.9510565162951535,
                -0.23723779167172548,
                0.19801447678200018,
                96.72231923935857,
                0.30901699437494745,
                -0.7301428458238819,
                0.6094258953143333,
                297.6806896003831,
                0.0,
                0.6407883073956064,
                0.767717620681637,
                433.40000000000003,
                0.0,
                0.0,
                0.0,
                1.0
            ],
            "fov": 20.0,
            "aspect": 1
        },
        {
            "camera_to_world": [
                -0.9573194975320672,
                -0.22189480345154777,
                0.18520819594755855,
                90.46695244361963,
                0.2890317969444716,
                -0.7349510468774589,
                0.6134391404603857,
                299.6410027275371,
                0.0,
                0.6407883073956063,
                0.767717620681637,
                433.40000000000003,
                0.0,
                0.0,
                0.0,
                1.0
            ],
            "fov": 20.0,
            "aspect": 1
        },
        {
            "camera_to_world": [
                -0.9631625667976581,
                -0.20645448483688442,
                0.17232067667718617,
                84.17190385257817,
                0.26891982061526565,
                -0.7394368741115164,
                0.617183310925079,
                301.46988340766706,
                0.0,
                0.6407883073956064,
                0.767717620681637,
                433.40000000000003,
                0.0,
                0.0,
                0.0,
                1.0
            ],
            "fov": 20.0,
            "aspect": 1
        },
        {
            "camera_to_world": [
                -0.9685831611286312,
                -0.19092360846178708,
                0.1593575718627716,
                77.83993468259955,
                0.24868988716485477,
                -0.7435983598939714,
                0.6206567643915014,
                303.1665294332616,
                0.0,
                0.6407883073956064,
                0.767717620681637,
                433.40000000000003,
                0.0,
                0.0,
                0.0,
                1.0
            ],
            "fov": 20.0,
            "aspect": 1
        },
        {
            "camera_to_world": [
                -0.9735789028731602,
