{
    "_target": [
        0.0,
        0.0,
        58.4
    ],
    "_radius": 612.8825336065631,
    "_elevation": 78.23171106797936,
    "camera_type": "perspective",
    "render_height": 1024,
    "render_width": 1024,
    "fps": 30,
    "camera_path": [
        {
            "camera_to_world": [
                0.0,
                -0.9789804197376051,
                0.203954254112001,
                124.99999999999999,
                1.0,
                0.0,
                -0.0,
                0.0,
                -0.0,
                0.203954254112001,
                0.9789804197376051,
                658.4000000000001,
                0.0,
                0.0,
                0.0,
                1.0
            ],
            "fov": 20.0,
            "aspect": 1
        },
        {
            "camera_to_world": [
                -0.020942419883356957,
                -0.9787657131537539,
                0.20390952357369868,
                124.97258543435568,
                0.9997806834748455,
                -0.02050221900772996,
                0.004271295626610407,
                2.6178024854196194,
                0.0,
                0.20395425411200102,
                0.9789804197376051,
                658.4000000000001,
                0.0,
                0.0,
                0.0,
                1.0
            ],
            "fov": 20.0,
            "aspect": 1
        },
        {
            "camera_to_world": [
                -0.04187565372919962,
                -0.9781216875796043,
                0.20377535157908416,
                124.8903537623573,
                0.9991228300988584,
                -0.04099544506459846,
                0.008540717721791342,
                5.2344567161499524,
                0.0,
                0.20395425411200102,
                0.9789804197376051,
                658.4000000000001,
                0.0,
                0.0,
                0.0,
                1.0
            ],
            "fov": 20.0,
            "aspect": 1
        },
        {
            "camera_to_world": [
                -0.06279051952931337,
                -0.9770486255060582,
                0.2035517969804287,
                124.75334105353393,
                0.9980267284282717,
                -0.061470689164349494,
                0.01280639357590614,
                7.8488149411641706,
                0.0,
                0.203954254112001,
                0.9789804197376051,
                658.4000000000001,
                0.0,
                0.0,
                0.0,
                1.0
            ],
            "fov": 20.0,
            "aspect": 1
        },
        {
            "camera_to_world": [
                -0.08367784333231551,
                -0.975546997613606,
                0.2032389578361678,
                124.561607406188,
                0.9964928592495044,
                -0.08191897018820779,
                0.01706645212254328,
                10.459730416539434,
                0.0,
                0.20395425411200097,
                0.9789804197376051,
                658.4000000000001,
                0.0,
                0.0,
                0.0,
                1.0
            ],
            "fov": 20.0,
            "aspect": 1
        },
        {
            "camera_to_world": [
                -0.10452846326765347,
                -0.9736174625658708,
                0.20283697136788964,
                124.31523692103413,
                0.9945218953682733,
                -0.10233131884429424,
                0.021319024759227954,
                13.066057908456681,
                0.0,
                0.20395425411200094,
                0.9789804197376051,
                658.4000000000001,
                0.0,
                0.0,
                0.0,
                1.0
            ],
            "fov": 20.0,
            "aspect": 1
        },
        {
            "camera_to_world": [
                -0.12533323356430429,
                -0.9712608667206962,
                0.20234601390014492,
                124.01433766430968,
                0.9921147013144779,
                -0.1226987816018539,
                0.025562246167052882,
                15.666654195538031,
                0.0,
                0.20395425411200097,
                0.9789804197376051,
                658.4000000000001,
                0.0,
                0.0,
                0.0,
                1.0
            ],
            "fov": 20.0,
            "aspect": 1
        },
        {
            "camera_to_world": [
                -0.14608302856241165,
                -0.9684782437589061,
                0.20176630078310534,
                123.65904162037351,
                0.9892723329629883,
                -0.1430124246185703,
                0.0297942551288688,
                18.26037857030145,
                0.0,
                0.20395425411200097,
                0.9789804197376051,
                658.4000000000001,
                0.0,
                0.0,
                0.0,
                1.0
            ],
            "fov": 20.0,
            "aspect": 1
        },
        {
            "camera_to_world": [
                -0.1667687467161023,
                -0.9652708142308982,
                0.20109808629810366,
                123.24950463381307,
                0.985996037070505,
                -0.1632633376592442,
                0.03401319534567585,
                20.84609333951278,
                0.0,
                0.20395425411200097,
                0.9789804197376051,
                658.4000000000001,
                0.0,
                0.0,
                0.0,
                1.0
            ],
            "fov": 20.0,
            "aspect": 1
        },
        {
            "camera_to_world": [
                -0.18738131458572463,
                -0.9616399850212698,
                0.20034166354609778,
                122.78590634108606,
                0.9822872507286887,
                -0.18344263800411692,
                0.03821721625085767,
                23.422664323215574,
                0.0,
                0.20395425411200097,
                0.9789804197376051,
                658.4000000000001,
                0.0,
                0.0,
                0.0,
                1.0
            ],
            "fov": 20.0,
            "aspect": 1
        },
        {
            "camera_to_world": [
                -0.20791169081775931,
                -0.9575873487317125,
                0.1994973643191067,
                122.2684500917257,
                0.9781476007338057,
                -0.20354147434512518,
                0.042404473821901066,
                25.988961352219913,
                0.0,
                0.20395425411200102,
                0.9789804197376051,
                658.4000000000001,
                0.0,
                0.0,
                0.0,
                1.0
            ],
            "fov": 20.0,
            "aspect": 1
        },
        {
            "camera_to_world": [
                -0.2283508701106557,
                -0.9531146829824435,
                0.19856555895467567,
                121.69736285914503,
                0.9735789028731603,
                -0.22355103066837703,
                0.0465731313892452,
                28.54385876383196,
                0.0,
                0.20395425411200102,
                0.9789804197376051,
                658.4000000000001,
                0.0,
                0.0,
                0.0,
                1.0
            ],
            "fov": 20.0,
            "aspect": 1
        },
        {
            "camera_to_world": [
                -0.2486898871648548,
                -0.9482239496324837,
                0.19754665617343406,
                121.0728951410789,
                0.9685831611286311,
                -0.2434625301211472,
                0.05072136044190566,
                31.08623589560685,
                0.0,
                0.20395425411200105,
                0.9789804197376051,
                658.4000000000001,
                0.0,
                0.0,
                0.0,
                1.0
            ],
            "fov": 20.0,
            "aspect": 1
        },
        {
            "camera_to_world": [
                -0.2689198206152657,
                -0.9429172939191205,
                0.19644110289981673,
                120.39532084970728,
                0.9631625667976581,
                -0.26326723886169434,
                0.054847341429519636,
                33.61497757690822,
                0.0,
                0.20395425411200105,
                0.9789804197376051,
                658.4000000000001,
                0.0,
                0.0,
                0.0,
                1.0
            ],
            "fov": 20.0,
            "aspect": 1
        },
        {
            "camera_to_world": [
                -0.2890317969444717,
                -0.9371970435169363,
                0.19524938406602835,
                119.6649371915084,
                0.9573194975320672,
                -0.2829564698902131,
                0.05894926456046105,
                36.128974618058955,
                0.0,
                0.203954254112001,
                0.9789804197376051,
                658.4000000000001,
                0.0,
                0.0,
                0.0,
                1.0
            ],
            "fov": 20.0,
            "aspect": 1
        },
        {
            "camera_to_world": [
                -0.3090169943749474,
                -0.931065707516814,
                0.19397202239933617,
                118.88206453689419,
                0.9510565162951536,
                -0.30252158685923913,
                0.0630253305956748,
                38.62712429686842,
                0.0,
                0.20395425411200102,
                0.9789804197376051,
                658.4000000000001,
                0.0,
                0.0,
                0.0,
                1.0
            ],
            "fov": 20.0,
            "aspect": 1
        },
        {
            "camera_to_world": [
                -0.32886664673858323,
                -0.9245259753253652,
                0.19260957819278435,
                118.04704627968512,
                0.9443763702374811,
                -0.3219540078618369,
                0.06707375163788266,
                41.1083308423229,
                0.0,
                0.203954254112001,
                0.9789804197376051,
                658.4000000000001,
                0.0,
                0.0,
                0.0,
                1.0
            ],
            "fov": 20.0,
            "aspect": 1
        },
        {
            "camera_to_world": [
                -0.3485720473218152,
                -0.9175807154852695,
                0.1911626490594311,
                117.16024868648643,
                0.9372819894918916,
                -0.34124520919590695,
                0.07109275191581393,
                43.5715059152269,
                0.0,
                0.20395425411200102,
                0.9789804197376051,
                658.4000000000001,
                0.0,
                0.0,
                0.0,
                1.0
            ],
            "fov": 20.0,
            "aspect": 1
        },
        {
            "camera_to_world": [
                -0.36812455268467803,
                -0.9102329744170358,
                0.1896318696702157,
                116.2220607360314,
                0.9297764858882513,
                -0.3603867291029642,
                0.07508056856311751,
                46.015569085584744,
                0.0,
                0.20395425411200097,
                0.9789804197376051,
                658.4000000000001,
                0.0,
                0.0,
                0.0,
                1.0
            ],
            "fov": 20.0,
            "aspect": 1
        },
        {
            "camera_to_world": [
                -0.387515586452103,
                -0.9024859750827418,
                0.18801791147557112,
                115.23289394856255,
                0.9218631515885006,
                -0.37937017147974395,
                0.07903545239161329,
                48.43944830651286,
                0.0,
                0.203954254112001,
                0.9789804197376051,
                658.4000000000001,
                0.0,
                0.0,
                0.0,
                1.0
            ],
            "fov": 20.0,
            "aspect": 1
        },
        {
            "camera_to_world": [
                -0.4067366430758002,
                -0.8943431155723359,
                0.18632148241090324,
                114.19318220532509,
                0.9135454576426009,
                -0.39818720956101133,
                0.082955668658544,
                50.84208038447502,
                0.0,
                0.20395425411200097,
                0.9789804197376051,
                658.4000000000001,
                0.0,
                0.0,
                0.0,
                1.0
            ],
            "fov": 20.0,
            "aspect": 1
        },
        {
            "camera_to_world": [
                -0.42577929156507266,
                -0.8858079676131237,
                0.18454332658606737,
                113.10338155825241,
                0.9048270524660195,
                -0.416829589571955,
                0.08683949782749058,
                53.22241144563407,
                0.0,
                0.20395425411200097,
                0.9789804197376051,
                658.4000000000001,
                0.0,
                0.0,
                0.0,
                1.0
            ],
            "fov": 20.0,
            "aspect": 1
        },
        {
            "camera_to_world": [
                -0.4446351791849274,
                -0.8768842750030895,
                0.1826842239589769,
                111.96397002992659,
                0.8957117602394129,
                -0.4352891343485655,
                0.09068523632261777,
                55.579397398115916,
                0.0,
                0.20395425411200097,
                0.9789804197376051,
                658.4000000000001,
                0.0,
                0.0,
                0.0,
                1.0
            ],
            "fov": 20.0,
            "aspect": 1
        },
        {
            "camera_to_world": [
                -0.4632960351198618,
                -0.8675759519687426,
                0.18074498999348793,
                110.7754474039018,
                0.8862035792312147,
                -0.45355774692441053,
                0.0944911972759188,
                57.912004389982705,
                0.0,
                0.20395425411200097,
                0.9789804197376051,
                658.4000000000001,
                0.0,
                0.0,
                0.0,
                1.0
            ],
            "fov": 20.0,
            "aspect": 1
        },
        {
            "camera_to_world": [
                -0.4817536741017152,
                -0.8578870814482088,
                0.17872647530171007,
                109.53833500548292,
                0.8763066800438636,
                -0.4716274140822306,
                0.09825571126713133,
                60.219209262714394,
                0.0,
                0.20395425411200094,
                0.9789804197376051,
                658.4000000000001,
                0.0,
                0.0,
                0.0,
                1.0
            ],
            "fov": 20.0,
            "aspect": 1
        },
        {
            "camera_to_world": [
                -0.5000000000000002,
                -0.8478219133003185,
                0.1766295652708996,
                108.25317547305478,
                0.8660254037844387,
                -0.48949020986880265,
                0.1019771270560005,
                62.49999999999999,
                0.0,
                0.2039542541120009,
                0.9789804197376051,
                658.4000000000001,
                0.0,
                0.0,
                0.0,
                1.0
            ],
            "fov": 20.0,
            "aspect": 1
        },
        {
            "camera_to_world": [
                -0.5180270093731301,
                -0.8373848624404789,
                0.1744551796750997,
                106.92053252006332,
                0.8553642601605067,
                -0.5071382990715232,
                0.10565381230656729,
                64.75337617164125,
                0.0,
                0.20395425411200097,
                0.9789804197376051,
                658.4000000000001,
                0.0,
                0.0,
                0.0,
                1.0
            ],
            "fov": 20.0,
            "aspect": 1
        },
        {
            "camera_to_world": [
                -0.5358267949789965,
                -0.8265805069041441,
                0.1722042722716966,
                105.54099068775186,
                0.8443279255020151,
                -0.5245639406551937,
                0.1092841543031653,
                66.97834937237455,
                0.0,
                0.20395425411200094,
                0.9789804197376051,
                658.4000000000001,
                0.0,
                0.0,
                0.0,
                1.0
            ],
            "fov": 20.0,
            "aspect": 1
        },
        {
            "camera_to_world": [
                -0.5533915492433439,
                -0.8154135858387401,
                0.1698778303830708,
                104.11515508876244,
                0.8329212407100997,
                -0.5417594911574923,
                0.11286656065781088,
                69.17394365541799,
                0.0,
                0.203954254112001,
                0.9789804197376051,
                658.4000000000001,
                0.0,
                0.0,
                0.0,
                1.0
            ],
            "fov": 20.0,
            "aspect": 1
        },
        {
            "camera_to_world": [
                -0.5707135676844316,
                -0.8038889974249162,
                0.16747687446352413,
                102.64365114171301,
                0.8211492091337041,
                -0.5587174080416509,
                0.11639946000867724,
                71.33919596055394,
                0.0,
                0.20395425411200102,
                0.9789804197376051,
                658.4000000000001,
                0.0,
                0.0,
                0.0,
                1.0
            ],
            "fov": 20.0,
            "aspect": 1
        },
        {
            "camera_to_world": [
                -0.587785252292473,
                -0.7920117967280418,
                0.16500245765167532,
                101.12712429686843,
                0.8090169943749475,
                -0.5754302530048594,
                0.11988130270934565,
                73.47315653655912,
                0.0,
                0.203954254112001,
                0.9789804197376051,
                658.4000000000001,
                0.0,
                0.0,
                0.0,
                1.0
            ],
            "fov": 20.0,
            "aspect": 1
        },
        {
            "camera_to_world": [
                -0.6045991148623747,
                -0.779787193480888,
                0.1624556653085183,
                99.56623975302455,
                0.7965299180241964,
                -0.5918906952409522,
                0.12331056150853167,
                75.57488935779685,
                0.0,
                0.20395425411200105,
                0.9789804197376051,
                658.4000000000001,
                0.0,
                0.0,
                0.0,
                1.0
            ],
            "fov": 20.0,
            "aspect": 1
        },
        {
            "camera_to_world": [
                -0.6211477802783102,
                -0.7672205497984657,
                0.15983761454134696,
                97.96168216572998,
                0.78369345732584,
                -0.6080915146559418,
                0.12668573221998783,
                77.64347253478876,
                0.0,
                0.203954254112001,
                0.9789804197376051,
                658.4000000000001,
                0.0,
                0.0,
                0.0,
                1.0
            ],
            "fov": 20.0,
            "aspect": 1
        },
        {
            "camera_to_world": [
                -0.6374239897486896,
                -0.7543173778260254,
                0.15714945371375527,
                96.31415534697366,
                0.7705132427757895,
                -0.6240256050349909,
                0.13000533438228976,
                79.6779987185862,
                0.0,
                0.203954254112001,
                0.9789804197376051,
                658.4000000000001,
                0.0,
                0.0,
                0.0,
                1.0
            ],
            "fov": 20.0,
            "aspect": 1
        },
        {
            "camera_to_world": [
                -0.6534206039901054,
                -0.7410833373212483,
                0.15439236194192668,
                94.62438195646956,
                0.7569950556517565,
                -0.6396859771594328,
                0.13326791190821513,
                81.67757549876316,
                0.0,
                0.20395425411200102,
                0.9789804197376051,
                658.4000000000001,
                0.0,
                0.0,
                0.0,
                1.0
            ],
            "fov": 20.0,
            "aspect": 1
        },
        {
            "camera_to_world": [
                -0.669130606358858,
                -0.7275242331716888,
                0.15156754857743512,
                92.89310318467429,
                0.7431448254773944,
                -0.655065761872473,
                0.13647203372343183,
                83.64132579485725,
                0.0,
                0.20395425411200097,
                0.9789804197376051,
                658.4000000000001,
                0.0,
                0.0,
                0.0,
                1.0
            ],
            "fov": 20.0,
            "aspect": 1
        },
        {
            "camera_to_world": [
                -0.6845471059286886,
                -0.7136460128485594,
                0.14867625267678314,
                91.12107842767644,
                0.7289686274214117,
                -0.6701582130922303,
                0.1396162943942146,
                85.56838824108605,
                0.0,
                0.203954254112001,
                0.9789804197376051,
                658.4000000000001,
                0.0,
                0.0,
                0.0,
                1.0
            ],
            "fov": 20.0,
            "aspect": 1
        },
        {
            "camera_to_world": [
                -0.6996633405133653,
                -0.6994547637979733,
                0.14571974245791106,
                89.30908495410041,
                0.7144726796328034,
                -0.6849567107707892,
                0.1426993147439144,
                87.45791756417066,
                0.0,
                0.20395425411200097,
                0.9789804197376051,
                658.4000000000001,
                0.0,
                0.0,
                0.0,
                1.0
            ],
            "fov": 20.0,
            "aspect": 1
        },
        {
            "camera_to_world": [
                -0.7144726796328034,
                -0.6849567107707895,
                0.14269931474391442,
                87.45791756417067,
                0.6996633405133655,
                -0.6994547637979733,
                0.14571974245791106,
                89.30908495410041,
                0.0,
                0.20395425411200102,
                0.9789804197376051,
                658.4000000000001,
                0.0,
                0.0,
                0.0,
                1.0
            ],
            "fov": 20.0,
            "aspect": 1
        },
        {
            "camera_to_world": [
                -0.7289686274214114,
                -0.6701582130922304,
                0.13961629439421466,
                85.5683882410861,
                0.6845471059286887,
                -0.7136460128485592,
                0.14867625267678314,
                91.12107842767644,
                0.0,
                0.20395425411200102,
                0.9789804197376051,
                658.4000000000001,
                0.0,
                0.0,
                0.0,
                1.0
            ],
            "fov": 20.0,
            "aspect": 1
        },
        {
            "camera_to_world": [
                -0.7431448254773942,
                -0.6550657618724731,
                0.13647203372343186,
                83.64132579485727,
                0.6691306063588581,
                -0.7275242331716887,
                0.1515675485774351,
                92.89310318467427,
                0.0,
                0.20395425411200097,
                0.9789804197376051,
                658.4000000000001,
                0.0,
                0.0,
                0.0,
                1.0
            ],
            "fov": 20.0,
            "aspect": 1
        },
        {
            "camera_to_world": [
                -0.7569950556517564,
                -0.6396859771594329,
                0.13326791190821516,
                81.67757549876319,
                0.6534206039901056,
                -0.7410833373212481,
                0.15439236194192665,
                94.62438195646953,
                0.0,
                0.20395425411200097,
                0.9789804197376051,
                658.4000000000001,
                0.0,
                0.0,
                0.0,
                1.0
            ],
            "fov": 20.0,
            "aspect": 1
        },
        {
            "camera_to_world": [
                -0.7705132427757894,
                -0.624025605034991,
                0.13000533438228978,
                79.67799871858621,
                0.6374239897486896,
                -0.7543173778260255,
                0.15714945371375527,
                96.31415534697366,
                0.0,
                0.20395425411200102,
                0.9789804197376051,
                658.4000000000001,
                0.0,
                0.0,
                0.0,
                1.0
            ],
            "fov": 20.0,
            "aspect": 1
        },
        {
            "camera_to_world": [
                -0.7836934573258397,
                -0.608091514655942,
                0.12668573221998788,
                77.6434725347888,
                0.6211477802783104,
                -0.7672205497984654,
                0.15983761454134693,
                97.96168216572997,
                0.0,
                0.20395425411200102,
                0.9789804197376051,
                658.4000000000001,
                0.0,
                0.0,
                0.0,
                1.0
            ],
            "fov": 20.0,
            "aspect": 1
        },
        {
            "camera_to_world": [
                -0.7965299180241963,
                -0.5918906952409522,
                0.12331056150853167,
                75.57488935779685,
                0.6045991148623748,
                -0.7797871934808879,
                0.16245566530851824,
                99.56623975302452,
                0.0,
                0.20395425411200097,
                0.9789804197376051,
                658.4000000000001,
                0.0,
                0.0,
                0.0,
                1.0
            ],
            "fov": 20.0,
            "aspect": 1
        },
        {
            "camera_to_world": [
                -0.8090169943749473,
                -0.5754302530048595,
                0.11988130270934567,
                73.47315653655913,
                0.5877852522924731,
                -0.7920117967280417,
                0.1650024576516753,
                101.12712429686842,
                0.0,
                0.20395425411200097,
                0.9789804197376051,
                658.4000000000001,
                0.0,
                0.0,
                0.0,
                1.0
            ],
            "fov": 20.0,
            "aspect": 1
        },
        {
            "camera_to_world": [
                -0.821149209133704,
                -0.558717408041651,
                0.11639946000867725,
                71.33919596055395,
                0.5707135676844317,
                -0.803888997424916,
                0.1674768744635241,
                102.64365114171298,
                0.0,
                0.20395425411200097,
                0.9789804197376051,
                658.4000000000001,
                0.0,
                0.0,
                0.0,
                1.0
            ],
            "fov": 20.0,
            "aspect": 1
        },
        {
            "camera_to_world": [
                -0.8329212407100997,
                -0.5417594911574923,
                0.11286656065781088,
                69.17394365541799,
                0.5533915492433439,
                -0.8154135858387401,
                0.1698778303830708,
                104.11515508876244,
                0.0,
                0.203954254112001,
                0.9789804197376051,
                658.4000000000001,
                0.0,
                0.0,
                0.0,
                1.0
            ],
            "fov": 20.0,
            "aspect": 1
        },
        {
            "camera_to_world": [
                -0.8443279255020151,
                -0.5245639406551937,
                0.1092841543031653,
                66.97834937237455,
                0.5358267949789965,
                -0.8265805069041441,
                0.1722042722716966,
                105.54099068775186,
                0.0,
                0.20395425411200094,
                0.9789804197376051,
                658.4000000000001,
                0.0,
                0.0,
                0.0,
                1.0
            ],
            "fov": 20.0,
            "aspect": 1
        },
        {
            "camera_to_world": [
                -0.8553642601605066,
                -0.5071382990715234,
                0.10565381230656733,
                64.75337617164128,
                0.5180270093731303,
                -0.8373848624404788,
                0.17445517967509966,
                106.92053252006329,
                0.0,
                0.20395425411200097,
                0.9789804197376051,
                658.4000000000001,
                0.0,
                0.0,
                0.0,
                1.0
            ],
            "fov": 20.0,
            "aspect": 1
        },
        {
            "camera_to_world": [
                -0.8660254037844387,
                -0.4894902098688023,
                0.10197712705600047,
                62.49999999999998,
                0.4999999999999998,
                -0.8478219133003188,
                0.1766295652708997,
                108.25317547305484,
                0.0,
                0.203954254112001,
                0.9789804197376051,
                658.4000000000001,
                0.0,
                0.0,
                0.0,
                1.0
            ],
            "fov": 20.0,
            "aspect": 1
        },
        {
            "camera_to_world": [
                -0.8763066800438636,
                -0.47162741408223074,
                0.09825571126713135,
                60.21920926271441,
                0.4817536741017154,
                -0.8578870814482088,
                0.17872647530171007,
                109.53833500548292,
                0.0,
                0.20395425411200097,
                0.9789804197376051,
                658.4000000000001,
                0.0,
                0.0,
                0.0,
                1.0
            ],
            "fov": 20.0,
            "aspect": 1
        },
        {
            "camera_to_world": [
                -0.8862035792312147,
                -0.45355774692441053,
                0.0944911972759188,
                57.912004389982705,
                0.4632960351198618,
                -0.8675759519687426,
                0.18074498999348793,
                110.7754474039018,
                0.0,
                0.20395425411200097,
                0.9789804197376051,
                658.4000000000001,
                0.0,
                0.0,
                0.0,
                1.0
            ],
            "fov": 20.0,
            "aspect": 1
        },
        {
            "camera_to_world": [
                -0.8957117602394128,
                -0.4352891343485656,
                0.0906852363226178,
                55.57939739811593,
                0.4446351791849275,
                -0.8768842750030894,
                0.1826842239589769,
                111.96397002992659,
                0.0,
                0.20395425411200097,
                0.9789804197376051,
                658.4000000000001,
                0.0,
                0.0,
                0.0,
                1.0
            ],
            "fov": 20.0,
            "aspect": 1
        },
        {
            "camera_to_world": [
                -0.9048270524660195,
                -0.416829589571955,
                0.08683949782749058,
                53.22241144563407,
                0.42577929156507266,
                -0.8858079676131237,
                0.18454332658606737,
                113.10338155825241,
                0.0,
                0.20395425411200097,
                0.9789804197376051,
                658.4000000000001,
                0.0,
                0.0,
                0.0,
                1.0
            ],
            "fov": 20.0,
            "aspect": 1
        },
        {
            "camera_to_world": [
                -0.9135454576426009,
                -0.39818720956101133,
                0.082955668658544,
                50.84208038447502,
                0.4067366430758002,
                -0.8943431155723359,
                0.18632148241090324,
                114.19318220532509,
                0.0,
                0.20395425411200097,
                0.9789804197376051,
                658.4000000000001,
                0.0,
                0.0,
                0.0,
                1.0
            ],
            "fov": 20.0,
            "aspect": 1
        },
        {
            "camera_to_world": [
                -0.9218631515885006,
                -0.37937017147974395,
                0.07903545239161329,
                48.43944830651286,
                0.387515586452103,
                -0.9024859750827418,
                0.18801791147557112,
                115.23289394856255,
                0.0,
                0.203954254112001,
                0.9789804197376051,
                658.4000000000001,
                0.0,
                0.0,
                0.0,
                1.0
            ],
            "fov": 20.0,
            "aspect": 1
        },
        {
            "camera_to_world": [
                -0.9297764858882513,
                -0.3603867291029642,
                0.07508056856311753,
                46.01556908558475,
                0.36812455268467803,
                -0.9102329744170358,
                0.18963186967021572,
                116.22206073603141,
                0.0,
                0.203954254112001,
                0.9789804197376051,
                658.4000000000001,
                0.0,
                0.0,
                0.0,
                1.0
            ],
            "fov": 20.0,
            "aspect": 1
        },
        {
            "camera_to_world": [
                -0.9372819894918916,
                -0.34124520919590706,
                0.07109275191581395,
                43.57150591522691,
                0.3485720473218153,
                -0.9175807154852695,
                0.1911626490594311,
                117.16024868648643,
                0.0,
                0.20395425411200102,
                0.9789804197376051,
                658.4000000000001,
                0.0,
                0.0,
                0.0,
                1.0
            ],
            "fov": 20.0,
            "aspect": 1
        },
        {
            "camera_to_world": [
                -0.9443763702374811,
                -0.32195400786183703,
                0.06707375163788269,
                41.108330842322914,
                0.32886664673858335,
                -0.9245259753253652,
                0.19260957819278435,
                118.04704627968512,
                0.0,
                0.20395425411200102,
                0.9789804197376051,
                658.4000000000001,
                0.0,
                0.0,
                0.0,
                1.0
            ],
            "fov": 20.0,
            "aspect": 1
        },
        {
            "camera_to_world": [
                -0.9510565162951536,
                -0.3025215868592392,
                0.06302533059567482,
                38.62712429686843,
                0.30901699437494745,
                -0.931065707516814,
                0.19397202239933617,
                118.88206453689419,
                0.0,
                0.20395425411200102,
                0.9789804197376051,
                658.4000000000001,
                0.0,
                0.0,
                0.0,
                1.0
            ],
            "fov": 20.0,
            "aspect": 1
        },
        {
            "camera_to_world": [
                -0.9573194975320674,
                -0.2829564698902131,
                0.05894926456046105,
                36.128974618058955,
                0.2890317969444717,
                -0.9371970435169364,
                0.19524938406602838,
                119.66493719150841,
                0.0,
                0.20395425411200102,
                0.9789804197376051,
                658.4000000000001,
                0.0,
                0.0,
                0.0,
                1.0
            ],
            "fov": 20.0,
            "aspect": 1
        },
        {
            "camera_to_world": [
                -0.9631625667976581,
                -0.2632672388616943,
                0.054847341429519636,
                33.61497757690822,
                0.2689198206152657,
                -0.9429172939191204,
                0.19644110289981673,
                120.39532084970728,
                0.0,
                0.20395425411200102,
                0.9789804197376051,
                658.4000000000001,
                0.0,
                0.0,
                0.0,
                1.0
            ],
            "fov": 20.0,
            "aspect": 1
        },
        {
            "camera_to_world": [
                -0.9685831611286311,
                -0.24346253012114716,
                0.050721360441905644,
                31.086235895606844,
                0.24868988716485474,
                -0.9482239496324837,
                0.19754665617343406,
                121.0728951410789,
                0.0,
                0.20395425411200102,
                0.9789804197376051,
                658.4000000000001,
                0.0,
                0.0,
                0.0,
                1.0
            ],
            "fov": 20.0,
            "aspect": 1
        },
        {
            "camera_to_world": [
