{
    "_target": [
        0.0,
        0.0,
        62.5
    ],
    "_radius": 487.6935513209089,
    "_elevation": 50.074091401270444,
    "camera_type": "perspective",
    "render_height": 1024,
    "render_width": 1024,
    "fps": 30,
    "camera_path": [
        {
            "camera_to_world": [
                0.0,
                -0.7668750160567593,
                0.6417964706571275,
                313.00000000000006,
                1.0,
                0.0,
                -0.0,
                0.0,
                -0.0,
                0.6417964706571275,
                0.7668750160567593,
                436.50000000000006,
                0.0,
                0.0,
                0.0,
                1.0
            ],
            "fov": 20.0,
            "aspect": 1
        },
        {
            "camera_to_world": [
                -0.02094241988335695,
                -0.7667068276930099,
                0.6416557140853266,
                312.93135392762673,
                0.9997806834748454,
                -0.016060218584316756,
                0.013440771168158144,
                6.554977423490728,
                0.0,
                0.6417964706571275,
                0.7668750160567593,
                436.50000000000006,
                0.0,
                0.0,
                0.0,
                1.0
            ],
            "fov": 20.0,
            "aspect": 1
        },
        {
            "camera_to_world": [
                -0.04187565372919961,
                -0.7662023363747369,
                0.6412335061104082,
                312.72544582094275,
                0.9991228300988583,
                -0.032113392625967255,
                0.026875646769860297,
                13.107079617239483,
                0.0,
                0.6417964706571276,
                0.7668750160567593,
                436.50000000000006,
                0.0,
                0.0,
                0.0,
                1.0
            ],
            "fov": 20.0,
            "aspect": 1
        },
        {
            "camera_to_world": [
                -0.06279051952931337,
                -0.7653617633885057,
                0.6405300319267442,
                312.38236599804907,
                0.9980267284282716,
                -0.04815248067225446,
                0.04029873382464076,
                19.65343261267509,
                0.0,
                0.6417964706571275,
                0.7668750160567593,
                436.50000000000006,
                0.0,
                0.0,
                0.0,
                1.0
            ],
            "fov": 20.0,
            "aspect": 1
        },
        {
            "camera_to_world": [
                -0.0836778433323155,
                -0.7641854774374098,
                0.6395456001013615,
                311.9022649450948,
                0.9964928592495044,
                -0.06417044744906444,
                0.05370414452288013,
                26.19116496301475,
                0.0,
                0.6417964706571274,
                0.7668750160567595,
                436.50000000000006,
                0.0,
                0.0,
                0.0,
                1.0
            ],
            "fov": 20.0,
            "aspect": 1
        },
        {
            "camera_to_world": [
                -0.10452846326765348,
                -0.7626739944793435,
                0.6382806424385948,
                311.28535325026957,
                0.9945218953682734,
                -0.08016026694677016,
                0.0670859988083932,
                32.71740900277554,
                0.0,
                0.6417964706571275,
                0.7668750160567595,
                436.50000000000006,
                0.0,
                0.0,
                0.0,
                1.0
            ],
            "fov": 20.0,
            "aspect": 1
        },
        {
            "camera_to_world": [
                -0.12533323356430429,
                -0.7608279775006873,
                0.6367357137906821,
                310.53190151143156,
                0.9921147013144779,
                -0.09611492550207143,
                0.08043842695761591,
                39.22930210562724,
                0.0,
                0.6417964706571274,
                0.7668750160567595,
                436.50000000000006,
                0.0,
                0.0,
                0.0,
                1.0
            ],
            "fov": 20.0,
            "aspect": 1
        },
        {
            "camera_to_world": [
                -0.14608302856241165,
                -0.7586482362254996,
                0.6349114918143886,
                309.64224021741535,
                0.9892723329629883,
                -0.11202742487441948,
                0.09375557215426013,
                45.72398794003484,
                0.0,
                0.6417964706571274,
                0.7668750160567595,
                436.50000000000006,
                0.0,
                0.0,
                0.0,
                1.0
            ],
            "fov": 20.0,
            "aspect": 1
        },
        {
            "camera_to_world": [
                -0.16676874671610226,
                -0.7561357267603446,
                0.6328087766737643,
                308.6167596030681,
                0.9859960370705049,
                -0.12789078531567658,
                0.10703159305830685,
                52.198617722140014,
                0.0,
                0.6417964706571276,
                0.7668750160567593,
                436.50000000000006,
                0.0,
                0.0,
                0.0,
                1.0
            ],
            "fov": 20.0,
            "aspect": 1
        },
        {
            "camera_to_world": [
                -0.18738131458572468,
                -0.7532915511749133,
                0.6304284906891652,
                307.45590947807955,
                0.9822872507286886,
                -0.14369804863166433,
                0.120260666368211,
                58.650351465331816,
                0.0,
                0.6417964706571274,
                0.7668750160567595,
                436.50000000000006,
                0.0,
                0.0,
                0.0,
                1.0
            ],
            "fov": 20.0,
            "aspect": 1
        },
        {
            "camera_to_world": [
                -0.20791169081775934,
                -0.7501169570186179,
                0.6277716779326936,
                306.1601990296812,
                0.9781476007338057,
                -0.1594422812342572,
                0.13343698937519385,
                65.07635922595868,
                0.0,
                0.6417964706571276,
                0.7668750160567593,
                436.50000000000006,
                0.0,
                0.0,
                0.0,
                1.0
            ],
            "fov": 20.0,
            "aspect": 1
        },
        {
            "camera_to_world": [
                -0.22835087011065566,
                -0.7466133367733769,
                0.6248395037702327,
                304.73019659929923,
                0.9735789028731602,
                -0.17511657718268406,
                0.14655478250850298,
                71.47382234463525,
                0.0,
                0.6417964706571276,
                0.7668750160567593,
                436.50000000000006,
                0.0,
                0.0,
                0.0,
                1.0
            ],
            "fov": 20.0,
            "aspect": 1
        },
        {
            "camera_to_world": [
                -0.24868988716485488,
                -0.7427822272428257,
                0.6216332543502793,
                303.1665294332616,
                0.9685831611286312,
                -0.19071406121270176,
                0.1596082918705231,
                77.83993468259958,
                0.0,
                0.6417964706571275,
                0.7668750160567593,
                436.50000000000006,
                0.0,
                0.0,
                0.0,
                1.0
            ],
            "fov": 20.0,
            "aspect": 1
        },
        {
            "camera_to_world": [
                -0.2689198206152657,
                -0.7386253088782236,
                0.6181543360397969,
                301.46988340766706,
                0.9631625667976582,
                -0.20622789175231274,
                0.1725917917606254,
                84.1719038525782,
                0.0,
                0.6417964706571276,
                0.7668750160567593,
                436.50000000000006,
                0.0,
                0.0,
                0.0,
                1.0
            ],
            "fov": 20.0,
            "aspect": 1
        },
        {
            "camera_to_world": [
                -0.2890317969444717,
                -0.7341444050413529,
                0.6144042748073355,
                299.6410027275371,
                0.9573194975320674,
                -0.22165126392270573,
                0.18549958718664944,
                90.46695244361965,
                0.0,
                0.6417964706571276,
                0.7668750160567593,
                436.50000000000006,
                0.0,
                0.0,
                0.0,
                1.0
            ],
            "fov": 20.0,
            "aspect": 1
        },
        {
            "camera_to_world": [
                -0.30901699437494745,
                -0.7293414812047315,
                0.6103847155536924,
                297.6806896003831,
                0.9510565162951535,
                -0.23697741252309937,
                0.1983260163629147,
                96.72231923935857,
                0.0,
                0.6417964706571276,
                0.7668750160567593,
                436.50000000000006,
                0.0,
                0.0,
                0.0,
                1.0
            ],
            "fov": 20.0,
            "aspect": 1
        },
        {
            "camera_to_world": [
                -0.3288666467385832,
                -0.7242186440894924,
                0.6060974213904041,
                295.5898038843316,
                0.9443763702374811,
                -0.25219961499818355,
                0.21106545319366704,
                102.93526042917655,
                0.0,
                0.6417964706571275,
                0.7668750160567595,
                436.50000000000006,
                0.0,
                0.0,
                0.0,
                1.0
            ],
            "fov": 20.0,
            "aspect": 1
        },
        {
            "camera_to_world": [
                -0.34857204732181524,
                -0.7187781407413056,
                0.6015442728663868,
                293.36926271096206,
                0.9372819894918916,
                -0.2673111943868545,
                0.22371230974087022,
                109.10305081172818,
                0.0,
                0.6417964706571275,
                0.7668750160567593,
                436.50000000000006,
                0.0,
                0.0,
                0.0,
                1.0
            ],
            "fov": 20.0,
            "aspect": 1
        },
        {
            "camera_to_world": [
                -0.36812455268467803,
                -0.7130223575447502,
                0.5967272671430661,
                291.02004008302265,
                0.9297764858882513,
                -0.2823055222509499,
                0.2362610386752601,
                115.22298499030421,
                0.0,
                0.6417964706571274,
                0.7668750160567595,
                436.50000000000006,
                0.0,
                0.0,
                0.0,
                1.0
            ],
            "fov": 20.0,
            "aspect": 1
        },
        {
            "camera_to_world": [
                -0.38751558645210293,
                -0.7069538191765662,
                0.5916485171183562,
                288.5431664472007,
                0.9218631515885005,
                -0.297176021582701,
                0.24870613570958666,
                121.29237855950824,
                0.0,
                0.6417964706571275,
                0.7668750160567595,
                436.50000000000006,
                0.0,
                0.0,
                0.0,
                1.0
            ],
            "fov": 20.0,
            "aspect": 1
        },
        {
            "camera_to_world": [
                -0.4067366430758002,
                -0.7005751874982492,
                0.5863102504998716,
                285.9397282421341,
                0.9135454576426009,
                -0.3119161696896267,
                0.2610421420129764,
                127.30856928272549,
                0.0,
                0.6417964706571275,
                0.7668750160567595,
                436.50000000000006,
                0.0,
                0.0,
                0.0,
                1.0
            ],
            "fov": 20.0,
            "aspect": 1
        },
        {
            "camera_to_world": [
                -0.4257792915650727,
                -0.6938892603884691,
                0.5807148088277828,
                283.2108674218641,
                0.9048270524660196,
                -0.3265195010556008,
                0.2732636466053557,
                133.26891825986775,
                0.0,
                0.6417964706571275,
                0.7668750160567595,
                436.50000000000006,
                0.0,
                0.0,
                0.0,
                1.0
            ],
            "fov": 20.0,
            "aspect": 1
        },
        {
            "camera_to_world": [
                -0.4446351791849275,
                -0.686898970515828,
                0.5748646464477383,
                280.3577809549362,
                0.8957117602394128,
                -0.3409796101768415,
                0.2853652887308859,
                139.17081108488227,
                0.0,
                0.6417964706571274,
                0.7668750160567596,
                436.50000000000006,
                0.0,
                0.0,
                0.0,
                1.0
            ],
            "fov": 20.0,
            "aspect": 1
        },
        {
            "camera_to_world": [
                -0.4632960351198617,
                -0.6796073840524955,
                0.5687623294343076,
                277.3817202993702,
                0.8862035792312147,
                -0.35529015437157696,
                0.2973417602093678,
                145.01165899251671,
                0.0,
                0.6417964706571274,
                0.7668750160567595,
                436.50000000000006,
                0.0,
                0.0,
                0.0,
                1.0
            ],
            "fov": 20.0,
            "aspect": 1
        },
        {
            "camera_to_world": [
                -0.48175367410171527,
                -0.6720176993292835,
                0.5624105344654162,
                274.2839908537293,
                0.8763066800438636,
                -0.36944485656215575,
                0.3091878077645848,
                150.78889999383688,
                0.0,
                0.6417964706571274,
                0.7668750160567595,
                436.50000000000006,
                0.0,
                0.0,
                0.0,
                1.0
            ],
            "fov": 20.0,
            "aspect": 1
        },
        {
            "camera_to_world": [
                -0.5000000000000001,
                -0.664133245432753,
                0.5558120476482664,
                271.0659513845293,
                0.8660254037844387,
                -0.38343750802837984,
                0.32089823532856376,
                156.50000000000003,
                0.0,
                0.6417964706571275,
                0.7668750160567595,
                436.50000000000006,
                0.0,
                0.0,
                0.0,
                1.0
            ],
            "fov": 20.0,
            "aspect": 1
        },
        {
            "camera_to_world": [
                -0.5180270093731302,
                -0.6559574807449666,
                0.5489697632972581,
                267.7290134302386,
                0.8553642601605066,
                -0.39726197113085426,
                0.33246790632074164,
                162.14245393378974,
                0.0,
                0.6417964706571274,
                0.7668750160567595,
                436.50000000000006,
                0.0,
                0.0,
                0.0,
                1.0
            ],
            "fov": 20.0,
            "aspect": 1
        },
        {
            "camera_to_world": [
                -0.5358267949789965,
                -0.6474939914265282,
                0.5418866826644474,
                264.2746406821308,
                0.8443279255020151,
                -0.41091218200315993,
                0.3438917459010402,
                167.71378682842595,
                0.0,
                0.6417964706571276,
                0.7668750160567593,
                436.50000000000006,
                0.0,
                0.0,
                0.0,
                1.0
            ],
            "fov": 20.0,
            "aspect": 1
        },
        {
            "camera_to_world": [
                -0.5533915492433441,
                -0.6387464898435735,
                0.5345659126230976,
                260.70434834226114,
                0.8329212407100997,
                -0.4243821532116644,
                0.35516474319585817,
                173.21155491316668,
                0.0,
                0.6417964706571275,
                0.7668750160567595,
                436.50000000000006,
                0.0,
                0.0,
                0.0,
                1.0
            ],
            "fov": 20.0,
            "aspect": 1
        },
        {
            "camera_to_world": [
                -0.5707135676844316,
                -0.6297188129394046,
                0.5270106643049028,
                257.01970245884945,
                0.8211492091337041,
                -0.4376659763818089,
                0.36628195349600584,
                178.6333466852271,
                0.0,
                0.6417964706571275,
                0.7668750160567593,
                436.50000000000006,
                0.0,
                0.0,
                0.0,
                1.0
            ],
            "fov": 20.0,
            "aspect": 1
        },
        {
            "camera_to_world": [
                -0.587785252292473,
                -0.6204149205514791,
                0.5192242516914785,
                253.22231923935863,
                0.8090169943749476,
                -0.4507578247897166,
                0.3772385004256184,
                183.97678396754407,
                0.0,
                0.6417964706571275,
                0.7668750160567593,
                436.50000000000006,
                0.0,
                0.0,
                0.0,
                1.0
            ],
            "fov": 20.0,
            "aspect": 1
        },
        {
            "camera_to_world": [
                -0.6045991148623748,
                -0.6108388936744948,
                0.5112100901607404,
                249.31386434157352,
                0.7965299180241964,
                -0.4636519559179862,
                0.3880295780810954,
                189.23952295192336,
                0.0,
                0.6417964706571275,
                0.7668750160567593,
                436.50000000000006,
                0.0,
                0.0,
                0.0,
                1.0
            ],
            "fov": 20.0,
            "aspect": 1
        },
        {
            "camera_to_world": [
                -0.6211477802783102,
                -0.6009949326703308,
                0.5029716949888062,
                245.29605214298795,
                0.78369345732584,
                -0.4763427139745495,
                0.3986504531391284,
                194.41925522711114,
                0.0,
                0.6417964706571275,
                0.7668750160567593,
                436.50000000000006,
                0.0,
                0.0,
                0.0,
                1.0
            ],
            "fov": 20.0,
            "aspect": 1
        },
        {
            "camera_to_world": [
                -0.6374239897486896,
                -0.5908873554256292,
                0.49451267980808,
                241.1706449888221,
                0.7705132427757894,
                -0.48882453237348994,
                0.409096466932894,
                199.51370879133987,
                0.0,
                0.6417964706571275,
                0.7668750160567593,
                436.50000000000006,
                0.0,
                0.0,
                0.0,
                1.0
            ],
            "fov": 20.0,
            "aspect": 1
        },
        {
            "camera_to_world": [
                -0.6534206039901054,
                -0.5805205954578282,
                0.4858367550221932,
                236.93945241899985,
                0.7569950556517565,
                -0.5010919361767294,
                0.4193630374954982,
                204.520649048903,
                0.0,
                0.6417964706571275,
                0.7668750160567593,
                436.50000000000006,
                0.0,
                0.0,
                0.0,
                1.0
            ],
            "fov": 20.0,
            "aspect": 1
        },
        {
            "camera_to_world": [
                -0.6691306063588581,
                -0.5698991999704744,
                0.4769477261784987,
                232.60433037442448,
                0.7431448254773944,
                -0.5131395444955185,
                0.4294456615697788,
                209.43787979032263,
                0.0,
                0.6417964706571275,
                0.7668750160567593,
                436.50000000000006,
                0.0,
                0.0,
                0.0,
                1.0
            ],
            "fov": 20.0,
            "aspect": 1
        },
        {
            "camera_to_world": [
                -0.6845471059286886,
                -0.5590278278586689,
                0.4678494922988325,
                228.16718038290188,
                0.7289686274214117,
                -0.5249620728506712,
                0.4393399165835831,
                214.26324415567956,
                0.0,
                0.6417964706571275,
                0.7668750160567593,
                436.50000000000006,
                0.0,
                0.0,
                0.0,
                1.0
            ],
            "fov": 20.0,
            "aspect": 1
        },
        {
            "camera_to_world": [
                -0.6996633405133654,
                -0.5479112476655219,
                0.4585460441692738,
                223.62994872506752,
                0.7144726796328035,
                -0.5365543354905129,
                0.44904146258965394,
                218.99462558068342,
                0.0,
                0.6417964706571275,
                0.7668750160567593,
                436.50000000000006,
                0.0,
                0.0,
                0.0,
                1.0
            ],
            "fov": 20.0,
            "aspect": 1
        },
        {
            "camera_to_world": [
                -0.7144726796328033,
                -0.5365543354905131,
                0.449041462589654,
                218.99462558068345,
                0.6996633405133654,
                -0.547911247665522,
                0.4585460441692737,
                223.62994872506746,
                0.0,
                0.6417964706571275,
                0.7668750160567593,
                436.50000000000006,
                0.0,
                0.0,
                0.0,
                1.0
            ],
            "fov": 20.0,
            "aspect": 1
        },
        {
            "camera_to_world": [
                -0.7289686274214114,
                -0.5249620728506714,
                0.4393399165835833,
                214.26324415567964,
                0.6845471059286888,
                -0.5590278278586687,
                0.46784949229883244,
                228.16718038290185,
                0.0,
                0.6417964706571275,
                0.7668750160567593,
                436.50000000000006,
                0.0,
                0.0,
                0.0,
                1.0
            ],
            "fov": 20.0,
            "aspect": 1
        },
        {
            "camera_to_world": [
                -0.7431448254773944,
                -0.5131395444955186,
                0.42944566156977887,
                209.43787979032265,
                0.6691306063588582,
                -0.5698991999704744,
                0.47694772617849857,
                232.60433037442442,
                0.0,
                0.6417964706571275,
                0.7668750160567593,
                436.50000000000006,
                0.0,
                0.0,
                0.0,
                1.0
            ],
            "fov": 20.0,
            "aspect": 1
        },
        {
            "camera_to_world": [
                -0.7569950556517563,
                -0.5010919361767295,
                0.4193630374954983,
                204.52064904890307,
                0.6534206039901055,
                -0.5805205954578281,
                0.48583675502219303,
                236.93945241899976,
                0.0,
                0.6417964706571275,
                0.7668750160567593,
                436.50000000000006,
                0.0,
                0.0,
                0.0,
                1.0
            ],
            "fov": 20.0,
            "aspect": 1
        },
        {
            "camera_to_world": [
                -0.7705132427757893,
                -0.48882453237348994,
                0.40909646693289403,
                199.5137087913399,
                0.6374239897486896,
                -0.5908873554256291,
                0.49451267980808,
                241.1706449888221,
                0.0,
                0.6417964706571275,
                0.7668750160567593,
                436.50000000000006,
                0.0,
                0.0,
                0.0,
                1.0
            ],
            "fov": 20.0,
            "aspect": 1
        },
        {
            "camera_to_world": [
                -0.78369345732584,
                -0.4763427139745495,
                0.39865045313912845,
                194.41925522711117,
                0.6211477802783103,
                -0.6009949326703307,
                0.5029716949888062,
                245.29605214298792,
                0.0,
                0.6417964706571275,
                0.7668750160567593,
                436.50000000000006,
                0.0,
                0.0,
                0.0,
                1.0
            ],
            "fov": 20.0,
            "aspect": 1
        },
        {
            "camera_to_world": [
                -0.7965299180241963,
                -0.46365195591798625,
                0.3880295780810955,
                189.2395229519234,
                0.6045991148623749,
                -0.6108388936744947,
                0.5112100901607403,
                249.31386434157346,
                0.0,
                0.6417964706571275,
                0.7668750160567593,
                436.50000000000006,
                0.0,
                0.0,
                0.0,
                1.0
            ],
            "fov": 20.0,
            "aspect": 1
        },
        {
            "camera_to_world": [
                -0.8090169943749475,
                -0.45075782478971665,
                0.3772385004256185,
                183.97678396754412,
                0.5877852522924731,
                -0.620414920551479,
                0.5192242516914785,
                253.2223192393586,
                0.0,
                0.6417964706571275,
                0.7668750160567593,
                436.50000000000006,
                0.0,
                0.0,
                0.0,
                1.0
            ],
            "fov": 20.0,
            "aspect": 1
        },
        {
            "camera_to_world": [
                -0.821149209133704,
                -0.43766597638180893,
                0.3662819534960059,
                178.63334668522714,
                0.5707135676844316,
                -0.6297188129394047,
                0.5270106643049027,
                257.0197024588494,
                0.0,
                0.6417964706571275,
                0.7668750160567593,
                436.50000000000006,
                0.0,
                0.0,
                0.0,
                1.0
            ],
            "fov": 20.0,
            "aspect": 1
        },
        {
            "camera_to_world": [
                -0.8329212407100997,
                -0.4243821532116644,
                0.35516474319585817,
                173.21155491316668,
                0.5533915492433441,
                -0.6387464898435735,
                0.5345659126230976,
                260.70434834226114,
                0.0,
                0.6417964706571275,
                0.7668750160567595,
                436.50000000000006,
                0.0,
                0.0,
                0.0,
                1.0
            ],
            "fov": 20.0,
            "aspect": 1
        },
        {
            "camera_to_world": [
                -0.8443279255020151,
                -0.41091218200315993,
                0.3438917459010402,
                167.71378682842595,
                0.5358267949789965,
                -0.6474939914265282,
                0.5418866826644474,
                264.2746406821308,
                0.0,
                0.6417964706571276,
                0.7668750160567593,
                436.50000000000006,
                0.0,
                0.0,
                0.0,
                1.0
            ],
            "fov": 20.0,
            "aspect": 1
        },
        {
            "camera_to_world": [
                -0.8553642601605065,
                -0.39726197113085443,
                0.33246790632074175,
                162.1424539337898,
                0.5180270093731304,
                -0.6559574807449666,
                0.548969763297258,
                267.7290134302385,
                0.0,
                0.6417964706571274,
                0.7668750160567595,
                436.50000000000006,
                0.0,
                0.0,
                0.0,
                1.0
            ],
            "fov": 20.0,
            "aspect": 1
        },
        {
            "camera_to_world": [
                -0.8660254037844387,
                -0.3834375080283796,
                0.32089823532856365,
                156.49999999999997,
                0.4999999999999999,
                -0.664133245432753,
                0.5558120476482664,
                271.06595138452934,
                0.0,
                0.6417964706571275,
                0.7668750160567593,
                436.50000000000006,
                0.0,
                0.0,
                0.0,
                1.0
            ],
            "fov": 20.0,
            "aspect": 1
        },
        {
            "camera_to_world": [
                -0.8763066800438634,
                -0.3694448565621559,
                0.309187807764585,
                150.78889999383694,
                0.48175367410171543,
                -0.6720176993292833,
                0.5624105344654162,
                274.2839908537293,
                0.0,
                0.6417964706571275,
                0.7668750160567595,
                436.50000000000006,
                0.0,
                0.0,
                0.0,
                1.0
            ],
            "fov": 20.0,
            "aspect": 1
        },
        {
            "camera_to_world": [
                -0.8862035792312147,
                -0.355290154371577,
                0.29734176020936787,
                145.01165899251674,
                0.46329603511986184,
                -0.6796073840524955,
                0.5687623294343076,
                277.3817202993702,
                0.0,
                0.6417964706571275,
                0.7668750160567595,
                436.50000000000006,
                0.0,
                0.0,
                0.0,
                1.0
            ],
            "fov": 20.0,
            "aspect": 1
        },
        {
            "camera_to_world": [
                -0.8957117602394128,
                -0.3409796101768414,
                0.28536528873088596,
                139.17081108488233,
                0.44463517918492756,
                -0.6868989705158279,
                0.5748646464477383,
                280.3577809549362,
                0.0,
                0.6417964706571274,
                0.7668750160567595,
                436.50000000000006,
                0.0,
                0.0,
                0.0,
                1.0
            ],
            "fov": 20.0,
            "aspect": 1
        },
        {
            "camera_to_world": [
                -0.9048270524660196,
                -0.3265195010556007,
                0.2732636466053556,
                133.26891825986775,
                0.4257792915650726,
                -0.693889260388469,
                0.5807148088277828,
                283.2108674218641,
                0.0,
                0.6417964706571274,
                0.7668750160567593,
                436.50000000000006,
                0.0,
                0.0,
                0.0,
                1.0
            ],
            "fov": 20.0,
            "aspect": 1
        },
        {
            "camera_to_world": [
                -0.9135454576426009,
                -0.3119161696896267,
                0.2610421420129764,
                127.30856928272549,
                0.4067366430758002,
                -0.7005751874982492,
                0.5863102504998716,
                285.9397282421341,
                0.0,
                0.6417964706571275,
                0.7668750160567595,
                436.50000000000006,
                0.0,
                0.0,
                0.0,
                1.0
            ],
            "fov": 20.0,
            "aspect": 1
        },
        {
            "camera_to_world": [
                -0.9218631515885005,
                -0.297176021582701,
                0.24870613570958666,
                121.29237855950824,
                0.38751558645210293,
                -0.7069538191765662,
                0.5916485171183562,
                288.5431664472007,
                0.0,
                0.6417964706571275,
                0.7668750160567595,
                436.50000000000006,
                0.0,
                0.0,
                0.0,
                1.0
            ],
            "fov": 20.0,
            "aspect": 1
        },
        {
            "camera_to_world": [
                -0.9297764858882513,
                -0.2823055222509498,
                0.23626103867526016,
                115.22298499030425,
                0.36812455268467803,
                -0.7130223575447501,
                0.5967272671430662,
                291.0200400830227,
                0.0,
                0.6417964706571275,
                0.7668750160567593,
                436.50000000000006,
                0.0,
                0.0,
                0.0,
                1.0
            ],
            "fov": 20.0,
            "aspect": 1
        },
        {
            "camera_to_world": [
                -0.9372819894918916,
                -0.26731119438685463,
                0.2237123097408703,
                109.10305081172821,
                0.34857204732181535,
                -0.7187781407413056,
                0.6015442728663868,
                293.36926271096206,
                0.0,
                0.6417964706571276,
                0.7668750160567593,
                436.50000000000006,
                0.0,
                0.0,
                0.0,
                1.0
            ],
            "fov": 20.0,
            "aspect": 1
        },
        {
            "camera_to_world": [
                -0.9443763702374811,
                -0.25219961499818366,
                0.2110654531936671,
                102.9352604291766,
                0.3288666467385833,
                -0.7242186440894924,
                0.6060974213904041,
                295.5898038843316,
                0.0,
                0.6417964706571276,
                0.7668750160567593,
                436.50000000000006,
                0.0,
                0.0,
                0.0,
                1.0
            ],
            "fov": 20.0,
            "aspect": 1
        },
        {
            "camera_to_world": [
                -0.9510565162951535,
                -0.23697741252309937,
                0.19832601636291472,
                96.72231923935858,
                0.30901699437494745,
                -0.7293414812047315,
                0.6103847155536924,
                297.6806896003831,
                0.0,
                0.6417964706571276,
                0.7668750160567593,
                436.50000000000006,
                0.0,
                0.0,
                0.0,
                1.0
            ],
            "fov": 20.0,
            "aspect": 1
        },
        {
            "camera_to_world": [
                -0.9573194975320674,
                -0.22165126392270565,
                0.1854995871866494,
                90.46695244361965,
                0.2890317969444716,
                -0.7341444050413528,
                0.6144042748073355,
                299.64100272753717,
                0.0,
                0.6417964706571275,
                0.7668750160567592,
                436.50000000000006,
                0.0,
                0.0,
                0.0,
                1.0
            ],
            "fov": 20.0,
            "aspect": 1
        },
        {
            "camera_to_world": [
                -0.9631625667976582,
                -0.20622789175231274,
                0.1725917917606254,
                84.1719038525782,
                0.2689198206152657,
                -0.7386253088782236,
                0.6181543360397969,
                301.46988340766706,
                0.0,
                0.6417964706571276,
                0.7668750160567593,
                436.50000000000006,
                0.0,
                0.0,
                0.0,
                1.0
            ],
            "fov": 20.0,
            "aspect": 1
        },
        {
            "camera_to_world": [
                -0.9685831611286312,
                -0.1907140612127017,
                0.15960829187052306,
                77.83993468259955,
                0.2486898871648548,
                -0.7427822272428258,
                0.6216332543502793,
                303.1665294332616,
                0.0,
                0.6417964706571275,
                0.7668750160567593,
                436.50000000000006,
                0.0,
                0.0,
                0.0,
                1.0
            ],
            "fov": 20.0,
            "aspect": 1
        },
        {
            "camera_to_world": [
