{
    "_target": [
        0.0,
        0.0,
        62.5
    ],
    "_radius": 611.9035871769343,
    "_elevation": 78.21261374867022,
    "camera_type": "perspective",
    "render_height": 1024,
    "render_width": 1024,
    "fps": 30,
    "camera_path": [
        {
            "camera_to_world": [
                0.0,
                -0.9789123851414797,
                0.20428054781750377,
                124.99999999999983,
                1.0,
                0.0,
                -0.0,
                0.0,
                -0.0,
                0.2042805478175038,
                0.9789123851414796,
                661.5000000000001,
                0.0,
                0.0,
                0.0,
                1.0
            ],
            "fov": 20.0,
            "aspect": 1
        },
        {
            "camera_to_world": [
                -0.020942419883356954,
                -0.9786976934787397,
                0.2042357457175998,
                124.97258543435554,
                0.9997806834748454,
                -0.020500794198651306,
                0.004278129006396343,
                2.6178024854196162,
                0.0,
                0.20428054781750382,
                0.9789123851414796,
                661.5000000000001,
                0.0,
                0.0,
                0.0,
                1.0
            ],
            "fov": 20.0,
            "aspect": 1
        },
        {
            "camera_to_world": [
                -0.041875653729199616,
                -0.9780537126613787,
                0.20410135906956958,
                124.89035376235715,
                0.9991228300988584,
                -0.04099259607140949,
                0.008554381484016995,
                5.234456716149946,
                0.0,
                0.20428054781750382,
                0.9789123851414796,
                661.5000000000001,
                0.0,
                0.0,
                0.0,
                1.0
            ],
            "fov": 20.0,
            "aspect": 1
        },
        {
            "camera_to_world": [
                -0.06279051952931337,
                -0.9769807251606671,
                0.2038774468198384,
                124.75334105353379,
                0.9980267284282714,
                -0.061466417236712825,
                0.012826881727193807,
                7.848814941164162,
                0.0,
                0.20428054781750385,
                0.9789123851414796,
                661.5000000000001,
                0.0,
                0.0,
                0.0,
                1.0
            ],
            "fov": 20.0,
            "aspect": 1
        },
        {
            "camera_to_world": [
                -0.08367784333231551,
                -0.9754792016243851,
                0.2035641071837194,
                124.56160740618785,
                0.9964928592495044,
                -0.08191327719993204,
                0.017093755676112665,
                10.459730416539422,
                0.0,
                0.20428054781750374,
                0.9789123851414796,
                661.5000000000001,
                0.0,
                0.0,
                0.0,
                1.0
            ],
            "fov": 20.0,
            "aspect": 1
        },
        {
            "camera_to_world": [
                -0.10452846326765346,
                -0.9735498006703815,
                0.20316147760233308,
                124.31523692103401,
                0.9945218953682733,
                -0.1023242072925122,
                0.021353131738838075,
                13.066057908456667,
                0.0,
                0.20428054781750382,
                0.9789123851414796,
                661.5000000000001,
                0.0,
                0.0,
                0.0,
                1.0
            ],
            "fov": 20.0,
            "aspect": 1
        },
        {
            "camera_to_world": [
                -0.12533323356430429,
                -0.9711933685976821,
                0.20266973468232063,
                124.01433766430954,
                0.9921147013144779,
                -0.12269025460592725,
                0.025603141612255225,
                15.666654195538012,
                0.0,
                0.20428054781750377,
                0.9789123851414796,
                661.5000000000001,
                0.0,
                0.0,
                0.0,
                1.0
            ],
            "fov": 20.0,
            "aspect": 1
        },
        {
            "camera_to_world": [
                -0.14608302856241162,
                -0.9684109390152749,
                0.20208909411837925,
                123.65904162037337,
                0.9892723329629883,
                -0.14300248591872125,
                0.029841921101569496,
                18.260378570301427,
                0.0,
                0.20428054781750377,
                0.9789123851414796,
                661.5000000000001,
                0.0,
                0.0,
                0.0,
                1.0
            ],
            "fov": 20.0,
            "aspect": 1
        },
        {
            "camera_to_world": [
                -0.16676874671610228,
                -0.9652037323887348,
                0.2014198105986505,
                123.24950463381295,
                0.9859960370705049,
                -0.16325199161491502,
                0.03406761093800391,
                20.846093339512755,
                0.0,
                0.20428054781750377,
                0.9789123851414796,
                661.5000000000001,
                0.0,
                0.0,
                0.0,
                1.0
            ],
            "fov": 20.0,
            "aspect": 1
        },
        {
            "camera_to_world": [
                -0.18738131458572463,
                -0.9615731555048873,
                0.2006621776930062,
                122.78590634108592,
                0.9822872507286887,
                -0.1834298895920576,
                0.038278357594335836,
                23.422664323215546,
                0.0,
                0.2042805478175038,
                0.9789123851414796,
                661.5000000000001,
                0.0,
                0.0,
                0.0,
                1.0
            ],
            "fov": 20.0,
            "aspect": 1
        },
        {
            "camera_to_world": [
                -0.20791169081775934,
                -0.9575208008547454,
                0.1998165277242788,
                122.26845009172555,
                0.9781476007338057,
                -0.20352732915721067,
                0.042472314097915354,
                25.988961352219885,
                0.0,
                0.2042805478175038,
                0.9789123851414796,
                661.5000000000001,
                0.0,
                0.0,
                0.0,
                1.0
            ],
            "fov": 20.0,
            "aspect": 1
        },
        {
            "camera_to_world": [
                -0.22835087011065566,
                -0.9530484459349904,
                0.19888323162249352,
                121.69736285914489,
                0.9735789028731603,
                -0.22353549490915417,
                0.0466476408408084,
                28.543858763831924,
                0.0,
                0.20428054781750385,
                0.9789123851414796,
                661.5000000000001,
                0.0,
                0.0,
                0.0,
                1.0
            ],
            "fov": 20.0,
            "aspect": 1
        },
        {
            "camera_to_world": [
                -0.2486898871648548,
                -0.9481580524683024,
                0.19786269876216636,
                121.07289514107876,
                0.9685831611286311,
                -0.24344561060511347,
                0.05080250638670976,
                31.08623589560682,
                0.0,
                0.20428054781750385,
                0.9789123851414796,
                661.5000000000001,
                0.0,
                0.0,
                0.0,
                1.0
            ],
            "fov": 20.0,
            "aspect": 1
        },
        {
            "camera_to_world": [
                -0.26891982061526576,
                -0.9428517655428853,
                0.1967553767827387,
                120.39532084970712,
                0.9631625667976581,
                -0.2632489430103087,
                0.054935088274271335,
                33.614977576908174,
                0.0,
                0.2042805478175038,
                0.9789123851414796,
                661.5000000000001,
                0.0,
                0.0,
                0.0,
                1.0
            ],
            "fov": 20.0,
            "aspect": 1
        },
        {
            "camera_to_world": [
                -0.2890317969444716,
                -0.9371319126715588,
                0.1955617513922282,
                119.66493719150827,
                0.9573194975320672,
                -0.2829368057286406,
                0.05904357381649419,
                36.12897461805891,
                0.0,
                0.20428054781750385,
                0.9789123851414796,
                661.5000000000001,
                0.0,
                0.0,
                0.0,
                1.0
            ],
            "fov": 20.0,
            "aspect": 1
        },
        {
            "camera_to_world": [
                -0.3090169943749474,
                -0.9310010027708353,
                0.19428234615418072,
                118.88206453689406,
                0.9510565162951535,
                -0.302500563012831,
                0.06312616089583276,
                38.62712429686838,
                0.0,
                0.20428054781750382,
                0.9789123851414796,
                661.5000000000001,
                0.0,
                0.0,
                0.0,
                1.0
            ],
            "fov": 20.0,
            "aspect": 1
        },
        {
            "camera_to_world": [
                -0.3288666467385833,
                -0.9244617250604257,
                0.1929177222580184,
                118.04704627968498,
                0.9443763702374811,
                -0.32193163355234694,
                0.06718105875466328,
                41.10833084232285,
                0.0,
                0.2042805478175038,
                0.9789123851414796,
                661.5000000000001,
                0.0,
                0.0,
                0.0,
                1.0
            ],
            "fov": 20.0,
            "aspect": 1
        },
        {
            "camera_to_world": [
                -0.34857204732181524,
                -0.9175169478836588,
                0.1914684782728834,
                117.16024868648627,
                0.9372819894918916,
                -0.34122149423744685,
                0.07120648878076927,
                43.571505915226844,
                0.0,
                0.2042805478175038,
                0.9789123851414796,
                661.5000000000001,
                0.0,
                0.0,
                0.0,
                1.0
            ],
            "fov": 20.0,
            "aspect": 1
        },
        {
            "camera_to_world": [
                -0.3681245526846781,
                -0.9101697174493314,
                0.1899352498850855,
                116.22206073603124,
                0.9297764858882512,
                -0.36036168389769857,
                0.07520068528749956,
                46.01556908558469,
                0.0,
                0.2042805478175037,
                0.9789123851414796,
                661.5000000000001,
                0.0,
                0.0,
                0.0,
                1.0
            ],
            "fov": 20.0,
            "aspect": 1
        },
        {
            "camera_to_world": [
                -0.387515586452103,
                -0.9024232564955406,
                0.18831870961926941,
                115.2328939485624,
                0.9218631515885006,
                -0.37934380701332737,
                0.07916189628825684,
                48.43944830651281,
                0.0,
                0.20428054781750382,
                0.9789123851414796,
                661.5000000000001,
                0.0,
                0.0,
                0.0,
                1.0
            ],
            "fov": 20.0,
            "aspect": 1
        },
        {
            "camera_to_world": [
                -0.40673664307580026,
                -0.894280962876083,
                0.1866195665434227,
                114.19318220532496,
                0.913545457642601,
                -0.3981595373977703,
                0.08308838426497697,
                50.842080384474954,
                0.0,
                0.20428054781750382,
                0.9789123851414796,
                661.5000000000001,
                0.0,
                0.0,
                0.0,
                1.0
            ],
            "fov": 20.0,
            "aspect": 1
        },
        {
            "camera_to_world": [
                -0.4257792915650727,
                -0.8857464080700459,
                0.18483856595785567,
                113.10338155825227,
                0.9048270524660196,
                -0.4168006218498148,
                0.0869784269302617,
                53.22241144563401,
                0.0,
                0.20428054781750377,
                0.9789123851414796,
                661.5000000000001,
                0.0,
                0.0,
                0.0,
                1.0
            ],
            "fov": 20.0,
            "aspect": 1
        },
        {
            "camera_to_world": [
                -0.4446351791849275,
                -0.8768233356152367,
                0.18297648906828784,
                111.96397002992644,
                0.8957117602394128,
                -0.43525888377372657,
                0.09083031798283094,
                55.57939739811586,
                0.0,
                0.20428054781750374,
                0.9789123851414796,
                661.5000000000001,
                0.0,
                0.0,
                0.0,
                1.0
            ],
            "fov": 20.0,
            "aspect": 1
        },
        {
            "camera_to_world": [
                -0.46329603511986167,
                -0.8675156594661447,
                0.18103415264318515,
                110.77544740390168,
                0.8862035792312147,
                -0.45352622676577453,
                0.0946423678559628,
                57.91200438998263,
                0.0,
                0.2042805478175038,
                0.9789123851414796,
                661.5000000000001,
                0.0,
                0.0,
                0.0,
                1.0
            ],
            "fov": 20.0,
            "aspect": 1
        },
        {
            "camera_to_world": [
                -0.4817536741017154,
                -0.85782746227715,
                0.17901240865549842,
                109.53833500548278,
                0.8763066800438636,
                -0.4715946381655813,
                0.09841290445859358,
                60.21920926271433,
                0.0,
                0.20428054781750377,
                0.9789123851414796,
                661.5000000000001,
                0.0,
                0.0,
                0.0,
                1.0
            ],
            "fov": 20.0,
            "aspect": 1
        },
        {
            "camera_to_world": [
                -0.49999999999999994,
                -0.8477629936117379,
                0.17691214390896004,
                108.25317547305468,
                0.8660254037844386,
                -0.4894561925707398,
                0.10214027390875188,
                62.499999999999915,
                0.0,
                0.2042805478175038,
                0.9789123851414796,
                661.5000000000001,
                0.0,
                0.0,
                0.0,
                1.0
            ],
            "fov": 20.0,
            "aspect": 1
        },
        {
            "camera_to_world": [
                -0.5180270093731302,
                -0.8373266680784986,
                0.1747342796491021,
                106.92053252006318,
                0.8553642601605066,
                -0.5071030553131586,
                0.10582284125900619,
                64.75337617164118,
                0.0,
                0.2042805478175038,
                0.9789123851414796,
                661.5000000000001,
                0.0,
                0.0,
                0.0,
                1.0
            ],
            "fov": 20.0,
            "aspect": 1
        },
        {
            "camera_to_world": [
                -0.5358267949789967,
                -0.8265230633947351,
                0.17247977115916815,
                105.54099068775174,
                0.8443279255020151,
                -0.5245274858956043,
                0.10945899121360671,
                66.97834937237448,
                0.0,
                0.2042805478175038,
                0.9789123851414796,
                661.5000000000001,
                0.0,
                0.0,
                0.0,
                1.0
            ],
            "fov": 20.0,
            "aspect": 1
        },
        {
            "camera_to_world": [
                -0.553391549243344,
                -0.815356918378524,
                0.17014960734109408,
                104.11515508876231,
                0.8329212407100995,
                -0.5417218413869405,
                0.11304712883700745,
                69.17394365541792,
                0.0,
                0.20428054781750382,
                0.9789123851414796,
                661.5000000000001,
                0.0,
                0.0,
                0.0,
                1.0
            ],
            "fov": 20.0,
            "aspect": 1
        },
        {
            "camera_to_world": [
                -0.5707135676844316,
                -0.803833130870114,
                0.16774481028174307,
                102.64365114171288,
                0.8211492091337041,
                -0.5586785797745701,
                0.11658568025345772,
                71.33919596055387,
                0.0,
                0.20428054781750382,
                0.9789123851414796,
                661.5000000000001,
                0.0,
                0.0,
                0.0,
                1.0
            ],
            "fov": 20.0,
            "aspect": 1
        },
        {
            "camera_to_world": [
                -0.5877852522924731,
                -0.7919567555835708,
                0.16526643480458464,
                101.1271242968683,
                0.8090169943749475,
                -0.5753902632726112,
                0.12007309333735607,
                73.47315653655903,
                0.0,
                0.20428054781750377,
                0.9789123851414796,
                661.5000000000001,
                0.0,
                0.0,
                0.0,
                1.0
            ],
            "fov": 20.0,
            "aspect": 1
        },
        {
            "camera_to_world": [
                -0.6045991148623747,
                -0.7797330018896134,
                0.16271556800701426,
                99.56623975302443,
                0.7965299180241964,
                -0.5918495615843548,
                0.12350783839406382,
                75.57488935779675,
                0.0,
                0.20428054781750385,
                0.9789123851414796,
                661.5000000000001,
                0.0,
                0.0,
                0.0,
                1.0
            ],
            "fov": 20.0,
            "aspect": 1
        },
        {
            "camera_to_world": [
                -0.6211477802783102,
                -0.7671672315306104,
                0.16009332878351612,
                97.96168216572987,
                0.78369345732584,
                -0.6080492551175763,
                0.12688840883087968,
                77.64347253478867,
                0.0,
                0.2042805478175038,
                0.9789123851414796,
                661.5000000000001,
                0.0,
                0.0,
                0.0,
                1.0
            ],
            "fov": 20.0,
            "aspect": 1
        },
        {
            "camera_to_world": [
                -0.6374239897486895,
                -0.754264956268744,
                0.15740086733487954,
                96.31415534697355,
                0.7705132427757894,
                -0.6239822381512878,
                0.13021332181788123,
                79.6779987185861,
                0.0,
                0.20428054781750382,
                0.9789123851414796,
                661.5000000000001,
                0.0,
                0.0,
                0.0,
                1.0
            ],
            "fov": 20.0,
            "aspect": 1
        },
        {
            "camera_to_world": [
                -0.6534206039901054,
                -0.741031835468368,
                0.1546393646636826,
                94.62438195646946,
                0.7569950556517565,
                -0.6396415219525402,
                0.13348111893834294,
                81.67757549876308,
                0.0,
                0.20428054781750382,
                0.9789123851414796,
                661.5000000000001,
                0.0,
                0.0,
                0.0,
                1.0
            ],
            "fov": 20.0,
            "aspect": 1
        },
        {
            "camera_to_world": [
                -0.669130606358858,
                -0.7274736736136248,
                0.1518100320562654,
                92.89310318467419,
                0.7431448254773944,
                -0.6550202378419143,
                0.136690366828446,
                83.64132579485715,
                0.0,
                0.20428054781750385,
                0.9789123851414796,
                661.5000000000001,
                0.0,
                0.0,
                0.0,
                1.0
            ],
            "fov": 20.0,
            "aspect": 1
        },
        {
            "camera_to_world": [
                -0.6845471059286886,
                -0.7135964177624047,
                0.1489141105514198,
                91.12107842767634,
                0.7289686274214117,
                -0.6701116402063496,
                0.1398396578059993,
                85.56838824108597,
                0.0,
                0.20428054781750382,
                0.9789123851414796,
                661.5000000000001,
                0.0,
                0.0,
                0.0,
                1.0
            ],
            "fov": 20.0,
            "aspect": 1
        },
        {
            "camera_to_world": [
                -0.6996633405133653,
                -0.6994061549377719,
                0.14595287039602897,
                89.30908495410031,
                0.7144726796328034,
                -0.6849091094579938,
                0.14292761048789498,
                87.45791756417057,
                0.0,
                0.20428054781750382,
                0.9789123851414796,
                661.5000000000001,
                0.0,
                0.0,
                0.0,
                1.0
            ],
            "fov": 20.0,
            "aspect": 1
        },
        {
            "camera_to_world": [
                -0.7144726796328033,
                -0.6849091094579939,
                0.14292761048789498,
                87.45791756417057,
                0.6996633405133654,
                -0.6994061549377718,
                0.14595287039602894,
                89.3090849541003,
                0.0,
                0.2042805478175038,
                0.9789123851414796,
                661.5000000000001,
                0.0,
                0.0,
                0.0,
                1.0
            ],
            "fov": 20.0,
            "aspect": 1
        },
        {
            "camera_to_world": [
                -0.7289686274214114,
                -0.6701116402063498,
                0.13983965780599936,
                85.568388241086,
                0.6845471059286887,
                -0.7135964177624046,
                0.14891411055141976,
                91.12107842767632,
                0.0,
                0.20428054781750385,
                0.9789123851414796,
                661.5000000000001,
                0.0,
                0.0,
                0.0,
                1.0
            ],
            "fov": 20.0,
            "aspect": 1
        },
        {
            "camera_to_world": [
                -0.7431448254773941,
                -0.6550202378419145,
                0.13669036682844604,
                83.64132579485717,
                0.6691306063588583,
                -0.7274736736136245,
                0.1518100320562653,
                92.89310318467415,
                0.0,
                0.20428054781750377,
                0.9789123851414796,
                661.5000000000001,
                0.0,
                0.0,
                0.0,
                1.0
            ],
            "fov": 20.0,
            "aspect": 1
        },
        {
            "camera_to_world": [
                -0.7569950556517563,
                -0.6396415219525404,
                0.13348111893834297,
                81.67757549876309,
                0.6534206039901056,
                -0.7410318354683678,
                0.15463936466368255,
                94.62438195646942,
                0.0,
                0.20428054781750382,
                0.9789123851414796,
                661.5000000000001,
                0.0,
                0.0,
                0.0,
                1.0
            ],
            "fov": 20.0,
            "aspect": 1
        },
        {
            "camera_to_world": [
                -0.7705132427757893,
                -0.6239822381512878,
                0.13021332181788126,
                79.67799871858611,
                0.6374239897486896,
                -0.7542649562687438,
                0.15740086733487954,
                96.31415534697355,
                0.0,
                0.2042805478175038,
                0.9789123851414796,
                661.5000000000001,
                0.0,
                0.0,
                0.0,
                1.0
            ],
            "fov": 20.0,
            "aspect": 1
        },
        {
            "camera_to_world": [
                -0.7836934573258397,
                -0.6080492551175766,
                0.12688840883087973,
                77.6434725347887,
                0.6211477802783103,
                -0.7671672315306103,
                0.1600933287835161,
                97.96168216572985,
                0.0,
                0.2042805478175038,
                0.9789123851414796,
                661.5000000000001,
                0.0,
                0.0,
                0.0,
                1.0
            ],
            "fov": 20.0,
            "aspect": 1
        },
        {
            "camera_to_world": [
                -0.7965299180241963,
                -0.5918495615843549,
                0.12350783839406386,
                75.57488935779678,
                0.6045991148623749,
                -0.7797330018896131,
                0.1627155680070142,
                99.5662397530244,
                0.0,
                0.20428054781750382,
                0.9789123851414796,
                661.5000000000001,
                0.0,
                0.0,
                0.0,
                1.0
            ],
            "fov": 20.0,
            "aspect": 1
        },
        {
            "camera_to_world": [
                -0.8090169943749475,
                -0.5753902632726112,
                0.12007309333735608,
                73.47315653655905,
                0.5877852522924731,
                -0.7919567555835708,
                0.16526643480458464,
                101.1271242968683,
                0.0,
                0.2042805478175038,
                0.9789123851414796,
                661.5000000000001,
                0.0,
                0.0,
                0.0,
                1.0
            ],
            "fov": 20.0,
            "aspect": 1
        },
        {
            "camera_to_world": [
                -0.8211492091337041,
                -0.5586785797745702,
                0.11658568025345772,
                71.33919596055387,
                0.5707135676844317,
                -0.803833130870114,
                0.16774481028174304,
                102.64365114171287,
                0.0,
                0.2042805478175038,
                0.9789123851414796,
                661.5000000000001,
                0.0,
                0.0,
                0.0,
                1.0
            ],
            "fov": 20.0,
            "aspect": 1
        },
        {
            "camera_to_world": [
                -0.8329212407100995,
                -0.5417218413869405,
                0.11304712883700745,
                69.17394365541792,
                0.553391549243344,
                -0.815356918378524,
                0.17014960734109408,
                104.11515508876231,
                0.0,
                0.20428054781750382,
                0.9789123851414796,
                661.5000000000001,
                0.0,
                0.0,
                0.0,
                1.0
            ],
            "fov": 20.0,
            "aspect": 1
        },
        {
            "camera_to_world": [
                -0.8443279255020151,
                -0.5245274858956043,
                0.10945899121360671,
                66.97834937237448,
                0.5358267949789967,
                -0.8265230633947351,
                0.17247977115916815,
                105.54099068775174,
                0.0,
                0.2042805478175038,
                0.9789123851414796,
                661.5000000000001,
                0.0,
                0.0,
                0.0,
                1.0
            ],
            "fov": 20.0,
            "aspect": 1
        },
        {
            "camera_to_world": [
                -0.8553642601605066,
                -0.5071030553131587,
                0.1058228412590062,
                64.7533761716412,
                0.5180270093731303,
                -0.8373266680784986,
                0.1747342796491021,
                106.92053252006318,
                0.0,
                0.2042805478175038,
                0.9789123851414796,
                661.5000000000001,
                0.0,
                0.0,
                0.0,
                1.0
            ],
            "fov": 20.0,
            "aspect": 1
        },
        {
            "camera_to_world": [
                -0.8660254037844387,
                -0.4894561925707397,
                0.10214027390875187,
                62.49999999999991,
                0.4999999999999999,
                -0.8477629936117379,
                0.17691214390896007,
                108.2531754730547,
                0.0,
                0.2042805478175038,
                0.9789123851414796,
                661.5000000000001,
                0.0,
                0.0,
                0.0,
                1.0
            ],
            "fov": 20.0,
            "aspect": 1
        },
        {
            "camera_to_world": [
                -0.8763066800438635,
                -0.4715946381655813,
                0.09841290445859359,
                60.21920926271434,
                0.4817536741017154,
                -0.8578274622771499,
                0.17901240865549842,
                109.53833500548278,
                0.0,
                0.20428054781750374,
                0.9789123851414796,
                661.5000000000001,
                0.0,
                0.0,
                0.0,
                1.0
            ],
            "fov": 20.0,
            "aspect": 1
        },
        {
            "camera_to_world": [
                -0.8862035792312147,
                -0.4535262267657746,
                0.09464236785596283,
                57.91200438998264,
                0.4632960351198618,
                -0.8675156594661446,
                0.18103415264318515,
                110.77544740390168,
                0.0,
                0.20428054781750377,
                0.9789123851414796,
                661.5000000000001,
                0.0,
                0.0,
                0.0,
                1.0
            ],
            "fov": 20.0,
            "aspect": 1
        },
        {
            "camera_to_world": [
                -0.8957117602394128,
                -0.4352588837737266,
                0.09083031798283095,
                55.579397398115866,
                0.44463517918492756,
                -0.8768233356152367,
                0.18297648906828784,
                111.96397002992644,
                0.0,
                0.20428054781750377,
                0.9789123851414796,
                661.5000000000001,
                0.0,
                0.0,
                0.0,
                1.0
            ],
            "fov": 20.0,
            "aspect": 1
        },
        {
            "camera_to_world": [
                -0.9048270524660196,
                -0.4168006218498147,
                0.0869784269302617,
                53.22241144563401,
                0.4257792915650726,
                -0.8857464080700459,
                0.18483856595785572,
                113.1033815582523,
                0.0,
                0.2042805478175038,
                0.9789123851414796,
                661.5000000000001,
                0.0,
                0.0,
                0.0,
                1.0
            ],
            "fov": 20.0,
            "aspect": 1
        },
        {
            "camera_to_world": [
                -0.913545457642601,
                -0.3981595373977703,
                0.08308838426497697,
                50.842080384474954,
                0.40673664307580026,
                -0.894280962876083,
                0.1866195665434227,
                114.19318220532496,
                0.0,
                0.20428054781750382,
                0.9789123851414796,
                661.5000000000001,
                0.0,
                0.0,
                0.0,
                1.0
            ],
            "fov": 20.0,
            "aspect": 1
        },
        {
            "camera_to_world": [
                -0.9218631515885006,
                -0.37934380701332737,
                0.07916189628825684,
                48.43944830651281,
                0.387515586452103,
                -0.9024232564955406,
                0.18831870961926941,
                115.2328939485624,
                0.0,
                0.20428054781750382,
                0.9789123851414796,
                661.5000000000001,
                0.0,
                0.0,
                0.0,
                1.0
            ],
            "fov": 20.0,
            "aspect": 1
        },
        {
            "camera_to_world": [
                -0.9297764858882515,
                -0.3603616838976985,
                0.07520068528749957,
                46.0155690855847,
                0.3681245526846781,
                -0.9101697174493315,
                0.18993524988508556,
                116.22206073603127,
                0.0,
                0.20428054781750382,
                0.9789123851414796,
                661.5000000000001,
                0.0,
                0.0,
                0.0,
                1.0
            ],
            "fov": 20.0,
            "aspect": 1
        },
        {
            "camera_to_world": [
                -0.9372819894918913,
                -0.341221494237447,
                0.0712064887807693,
                43.571505915226865,
                0.34857204732181535,
                -0.9175169478836587,
                0.1914684782728834,
                117.16024868648627,
                0.0,
                0.2042805478175038,
                0.9789123851414796,
                661.5000000000001,
                0.0,
                0.0,
                0.0,
                1.0
            ],
            "fov": 20.0,
            "aspect": 1
        },
        {
            "camera_to_world": [
                -0.9443763702374811,
                -0.32193163355234705,
                0.0671810587546633,
                41.108330842322864,
                0.3288666467385834,
                -0.9244617250604257,
                0.1929177222580184,
                118.04704627968498,
                0.0,
                0.20428054781750382,
                0.9789123851414796,
                661.5000000000001,
                0.0,
                0.0,
                0.0,
                1.0
            ],
            "fov": 20.0,
            "aspect": 1
        },
        {
            "camera_to_world": [
                -0.9510565162951535,
                -0.302500563012831,
                0.06312616089583276,
                38.62712429686839,
                0.3090169943749474,
                -0.9310010027708353,
                0.19428234615418072,
                118.88206453689406,
                0.0,
                0.20428054781750382,
                0.9789123851414796,
                661.5000000000001,
                0.0,
                0.0,
                0.0,
                1.0
            ],
            "fov": 20.0,
            "aspect": 1
        },
        {
            "camera_to_world": [
                -0.9573194975320672,
                -0.2829368057286406,
                0.05904357381649419,
                36.12897461805891,
                0.2890317969444716,
                -0.9371319126715588,
                0.1955617513922282,
                119.66493719150827,
                0.0,
                0.20428054781750385,
                0.9789123851414796,
                661.5000000000001,
                0.0,
                0.0,
                0.0,
                1.0
            ],
            "fov": 20.0,
            "aspect": 1
        },
        {
            "camera_to_world": [
                -0.9631625667976581,
                -0.26324894301030866,
                0.054935088274271335,
                33.614977576908174,
                0.26891982061526576,
                -0.9428517655428852,
                0.1967553767827387,
                120.39532084970712,
                0.0,
                0.20428054781750377,
                0.9789123851414796,
                661.5000000000001,
                0.0,
                0.0,
                0.0,
                1.0
            ],
            "fov": 20.0,
            "aspect": 1
        },
        {
            "camera_to_world": [
                -0.9685831611286312,
                -0.24344561060511338,
                0.05080250638670974,
                31.086235895606805,
                0.24868988716485474,
                -0.9481580524683024,
                0.19786269876216636,
                121.07289514107876,
                0.0,
                0.20428054781750385,
                0.9789123851414796,
                661.5000000000001,
                0.0,
                0.0,
                0.0,
                1.0
            ],
            "fov": 20.0,
            "aspect": 1
        },
        {
