{
    "_target": [
        0.0,
        0.0,
        -35.0
    ],
    "_radius": 1067.0431106567344,
    "_elevation": 45.3417202792554,
    "camera_type": "perspective",
    "render_height": 540,
    "render_width": 960,
    "fps": 24,
    "camera_path": [
        {
            "camera_to_world": [
                0.0,
                -0.7113114666312379,
                0.7028769433114999,
                750.0,
                1.0,
                0.0,
                -0.0,
                0.0,
                -0.0,
                0.7028769433114999,
                0.7113114666312379,
                724.0,
                0.0,
                0.0,
                0.0,
                1.0
            ],
            "fov": 20.0,
            "aspect": 1
        },
        {
            "camera_to_world": [
                0.2588190451025207,
                -0.6870741161546675,
                0.6789269922476951,
                724.4443697168012,
                0.9659258262890683,
                0.1841009545639705,
                -0.18191793929246097,
                -194.11428382689053,
                -0.0,
                0.7028769433114999,
                0.7113114666312379,
                724.0,
                0.0,
                0.0,
                0.0,
                1.0
            ],
            "fov": 20.0,
            "aspect": 1
        },
        {
            "camera_to_world": [
                0.49999999999999983,
                -0.6160138001058191,
                0.6087092886421137,
                649.519052838329,
                0.8660254037844387,
                0.35565573331561884,
                -0.3514384716557498,
                -374.9999999999999,
                -0.0,
                0.7028769433114999,
                0.7113114666312379,
                724.0,
                0.0,
                0.0,
                0.0,
                1.0
            ],
            "fov": 20.0,
            "aspect": 1
        },
        {
            "camera_to_world": [
                0.7071067811865476,
                -0.5029731615906969,
                0.4970090529552342,
                530.3300858899107,
                0.7071067811865477,
                0.5029731615906968,
                -0.4970090529552341,
                -530.3300858899106,
                -0.0,
                0.7028769433115,
                0.7113114666312379,
                724.0,
                0.0,
                0.0,
                0.0,
                1.0
            ],
            "fov": 20.0,
            "aspect": 1
        },
        {
            "camera_to_world": [
                0.8660254037844386,
                -0.355655733315619,
                0.35143847165575,
                375.00000000000006,
                0.5000000000000001,
                0.6160138001058191,
                -0.6087092886421136,
                -649.5190528383289,
                -0.0,
                0.7028769433114999,
                0.7113114666312379,
                724.0,
                0.0,
                0.0,
                0.0,
                1.0
            ],
            "fov": 20.0,
            "aspect": 1
        },
        {
            "camera_to_world": [
                0.9659258262890683,
                -0.1841009545639705,
                0.18191793929246097,
                194.11428382689053,
                0.2588190451025207,
                0.6870741161546675,
                -0.6789269922476951,
                -724.4443697168012,
                -0.0,
                0.7028769433114999,
                0.7113114666312379,
                724.0,
                0.0,
                0.0,
                0.0,
                1.0
            ],
            "fov": 20.0,
            "aspect": 1
        },
        {
            "camera_to_world": [
                1.0,
                -4.355526554033774e-17,
                4.3038799941045195e-17,
                4.592425496802574e-14,
                6.123233995736766e-17,
                0.7113114666312379,
                -0.7028769433114999,
                -750.0,
                -0.0,
                0.7028769433114999,
                0.7113114666312379,
                724.0,
                0.0,
                0.0,
                0.0,
                1.0
            ],
            "fov": 20.0,
            "aspect": 1
        },
        {
            "camera_to_world": [
                0.9659258262890683,
                0.18410095456397046,
                -0.18191793929246092,
                -194.11428382689047,
                -0.25881904510252063,
                0.6870741161546675,
                -0.6789269922476951,
                -724.4443697168012,
                0.0,
                0.7028769433114999,
                0.7113114666312379,
                724.0,
                0.0,
                0.0,
                0.0,
                1.0
            ],
            "fov": 20.0,
            "aspect": 1
        },
        {
            "camera_to_world": [
                0.8660254037844387,
                0.35565573331561884,
                -0.3514384716557498,
                -374.99999999999983,
                -0.49999999999999983,
                0.6160138001058191,
                -0.6087092886421137,
                -649.519052838329,
                0.0,
                0.7028769433114999,
                0.7113114666312379,
                724.0,
                0.0,
                0.0,
                0.0,
                1.0
            ],
            "fov": 20.0,
            "aspect": 1
        },
        {
            "camera_to_world": [
                0.7071067811865477,
                0.5029731615906968,
                -0.4970090529552341,
                -530.3300858899106,
                -0.7071067811865476,
                0.5029731615906969,
                -0.4970090529552342,
                -530.3300858899107,
                0.0,
                0.7028769433115,
                0.7113114666312379,
                724.0,
                0.0,
                0.0,
                0.0,
                1.0
            ],
            "fov": 20.0,
            "aspect": 1
        },
        {
            "camera_to_world": [
                0.49999999999999983,
                0.6160138001058191,
                -0.6087092886421137,
                -649.519052838329,
                -0.8660254037844387,
                0.35565573331561884,
                -0.3514384716557498,
                -374.9999999999999,
                0.0,
                0.7028769433114999,
                0.7113114666312379,
                724.0,
                0.0,
                0.0,
                0.0,
                1.0
            ],
            "fov": 20.0,
            "aspect": 1
        },
        {
            "camera_to_world": [
                0.25881904510252096,
                0.6870741161546674,
                -0.678926992247695,
                -724.4443697168011,
                -0.9659258262890682,
                0.1841009545639707,
                -0.18191793929246117,
                -194.11428382689073,
                0.0,
                0.7028769433114999,
                0.7113114666312379,
                724.0,
                0.0,
                0.0,
                0.0,
                1.0
            ],
            "fov": 20.0,
            "aspect": 1
        },
        {
            "camera_to_world": [
                1.2246467991473532e-16,
                0.7113114666312379,
                -0.7028769433114999,
                -750.0,
                -1.0,
                8.711053108067548e-17,
                -8.607759988209039e-17,
                -9.184850993605147e-14,
                0.0,
                0.7028769433114999,
                0.7113114666312379,
                724.0,
                0.0,
                0.0,
                0.0,
                1.0
            ],
            "fov": 20.0,
            "aspect": 1
        },
        {
            "camera_to_world": [
                -0.2588190451025208,
                0.6870741161546675,
                -0.6789269922476951,
                -724.4443697168012,
                -0.9659258262890683,
                -0.18410095456397058,
                0.18191793929246103,
                194.11428382689058,
                0.0,
                0.7028769433114999,
                0.7113114666312379,
                724.0,
                0.0,
                0.0,
                0.0,
                1.0
            ],
            "fov": 20.0,
            "aspect": 1
        },
        {
            "camera_to_world": [
                -0.49999999999999967,
                0.6160138001058193,
                -0.6087092886421138,
                -649.5190528383291,
                -0.8660254037844389,
                -0.3556557333156187,
                0.3514384716557497,
                374.9999999999997,
                0.0,
                0.7028769433115,
                0.7113114666312379,
                724.0,
                0.0,
                0.0,
                0.0,
                1.0
            ],
            "fov": 20.0,
            "aspect": 1
        },
        {
            "camera_to_world": [
                -0.7071067811865472,
                0.5029731615906972,
                -0.4970090529552344,
                -530.330085889911,
                -0.7071067811865479,
                -0.5029731615906967,
                0.4970090529552339,
                530.3300858899104,
                0.0,
                0.7028769433115,
                0.7113114666312379,
                724.0,
                0.0,
                0.0,
                0.0,
                1.0
            ],
            "fov": 20.0,
            "aspect": 1
        },
        {
            "camera_to_world": [
                -0.8660254037844384,
                0.35565573331561934,
                -0.3514384716557502,
                -375.0000000000003,
                -0.5000000000000004,
                -0.616013800105819,
                0.6087092886421134,
                649.5190528383287,
                0.0,
                0.7028769433114999,
                0.7113114666312379,
                724.0,
                0.0,
                0.0,
                0.0,
                1.0
            ],
            "fov": 20.0,
            "aspect": 1
        },
        {
            "camera_to_world": [
                -0.9659258262890683,
                0.18410095456397046,
                -0.18191793929246092,
                -194.11428382689047,
                -0.25881904510252063,
                -0.6870741161546675,
                0.6789269922476951,
                724.4443697168012,
                0.0,
                0.7028769433114999,
                0.7113114666312379,
                724.0,
                0.0,
                0.0,
                0.0,
                1.0
            ],
            "fov": 20.0,
            "aspect": 1
        },
        {
            "camera_to_world": [
                -1.0,
                1.3066579662101322e-16,
                -1.2911639982313558e-16,
                -1.3777276490407722e-13,
                -1.8369701987210297e-16,
                -0.7113114666312379,
                0.7028769433114999,
                750.0,
                0.0,
                0.7028769433114999,
                0.7113114666312379,
                724.0,
                0.0,
                0.0,
                0.0,
                1.0
            ],
            "fov": 20.0,
            "aspect": 1
        },
        {
            "camera_to_world": [
                -0.9659258262890683,
                -0.18410095456397024,
                0.1819179392924607,
                194.11428382689022,
                0.2588190451025203,
                -0.6870741161546676,
                0.6789269922476951,
                724.4443697168012,
                0.0,
                0.7028769433114999,
                0.7113114666312379,
                724.0,
                0.0,
                0.0,
                0.0,
                1.0
            ],
            "fov": 20.0,
            "aspect": 1
        },
        {
            "camera_to_world": [
                -0.8660254037844386,
                -0.355655733315619,
                0.35143847165575,
                375.00000000000006,
                0.5000000000000001,
                -0.6160138001058191,
                0.6087092886421136,
                649.5190528383289,
                0.0,
                0.7028769433114999,
                0.7113114666312379,
                724.0,
                0.0,
                0.0,
                0.0,
                1.0
            ],
            "fov": 20.0,
            "aspect": 1
        },
        {
            "camera_to_world": [
                -0.7071067811865477,
                -0.5029731615906968,
                0.497009052955234,
                530.3300858899105,
                0.7071067811865474,
                -0.502973161590697,
                0.4970090529552342,
                530.3300858899107,
                0.0,
                0.7028769433114999,
                0.7113114666312379,
                724.0,
                0.0,
                0.0,
                0.0,
                1.0
            ],
            "fov": 20.0,
            "aspect": 1
        },
        {
            "camera_to_world": [
                -0.5000000000000004,
                -0.616013800105819,
                0.6087092886421134,
                649.5190528383287,
                0.8660254037844384,
                -0.35565573331561934,
                0.3514384716557502,
                375.0000000000003,
                0.0,
                0.7028769433114999,
                0.7113114666312379,
                724.0,
                0.0,
                0.0,
                0.0,
                1.0
            ],
            "fov": 20.0,
            "aspect": 1
        },
        {
            "camera_to_world": [
                -0.2588190451025215,
                -0.6870741161546673,
                0.678926992247695,
                724.4443697168011,
                0.965925826289068,
                -0.1841009545639711,
                0.18191793929246158,
                194.11428382689118,
                0.0,
                0.7028769433114999,
                0.7113114666312379,
                724.0,
                0.0,
                0.0,
                0.0,
                1.0
            ],
            "fov": 20.0,
            "aspect": 1
        }
    ]
}