{
    "_target": [
        0.0,
        0.0,
        -40.0
    ],
    "_radius": 1071.3192801401458,
    "_elevation": 45.567266409857936,
    "camera_type": "perspective",
    "render_height": 540,
    "render_width": 960,
    "fps": 24,
    "camera_path": [
        {
            "camera_to_world": [
                0.0,
                -0.7140728391445786,
                0.7000714109260575,
                750.0000000000001,
                1.0,
                0.0,
                -0.0,
                0.0,
                -0.0,
                0.7000714109260575,
                0.7140728391445786,
                725.0000000000001,
                0.0,
                0.0,
                0.0,
                1.0
            ],
            "fov": 20.0,
            "aspect": 1
        },
        {
            "camera_to_world": [
                0.2588190451025208,
                -0.689741397181308,
                0.6762170560601058,
                724.4443697168014,
                0.9659258262890683,
                0.18481565036104575,
                -0.18119181407945661,
                -194.11428382689064,
                -0.0,
                0.7000714109260574,
                0.7140728391445785,
                725.0000000000001,
                0.0,
                0.0,
                0.0,
                1.0
            ],
            "fov": 20.0,
            "aspect": 1
        },
        {
            "camera_to_world": [
                0.5,
                -0.6184052188516842,
                0.6062796263251805,
                649.519052838329,
                0.8660254037844386,
                0.3570364195722893,
                -0.3500357054630287,
                -375.0,
                -0.0,
                0.7000714109260574,
                0.7140728391445786,
                725.0000000000001,
                0.0,
                0.0,
                0.0,
                1.0
            ],
            "fov": 20.0,
            "aspect": 1
        },
        {
            "camera_to_world": [
                0.7071067811865475,
                -0.5049257468202624,
                0.49502524198064934,
                530.3300858899108,
                0.7071067811865477,
                0.5049257468202621,
                -0.49502524198064923,
                -530.3300858899107,
                -0.0,
                0.7000714109260575,
                0.7140728391445785,
                725.0000000000001,
                0.0,
                0.0,
                0.0,
                1.0
            ],
            "fov": 20.0,
            "aspect": 1
        },
        {
            "camera_to_world": [
                0.8660254037844385,
                -0.35703641957228954,
                0.35003570546302887,
                375.00000000000017,
                0.5000000000000002,
                0.6184052188516842,
                -0.6062796263251804,
                -649.5190528383289,
                -0.0,
                0.7000714109260574,
                0.7140728391445786,
                725.0000000000001,
                0.0,
                0.0,
                0.0,
                1.0
            ],
            "fov": 20.0,
            "aspect": 1
        },
        {
            "camera_to_world": [
                0.9659258262890683,
                -0.18481565036104575,
                0.18119181407945661,
                194.11428382689064,
                0.2588190451025208,
                0.689741397181308,
                -0.6762170560601058,
                -724.4443697168014,
                -0.0,
                0.7000714109260574,
                0.7140728391445785,
                725.0000000000001,
                0.0,
                0.0,
                0.0,
                1.0
            ],
            "fov": 20.0,
            "aspect": 1
        },
        {
            "camera_to_world": [
                1.0,
                -4.372435084082355e-17,
                4.286701062825838e-17,
                4.592425496802575e-14,
                6.123233995736765e-17,
                0.7140728391445786,
                -0.7000714109260575,
                -750.0000000000001,
                -0.0,
                0.7000714109260575,
                0.7140728391445786,
                725.0000000000001,
                0.0,
                0.0,
                0.0,
                1.0
            ],
            "fov": 20.0,
            "aspect": 1
        },
        {
            "camera_to_world": [
                0.9659258262890684,
                0.1848156503610456,
                -0.18119181407945653,
                -194.11428382689056,
                -0.25881904510252063,
                0.689741397181308,
                -0.6762170560601061,
                -724.4443697168016,
                0.0,
                0.7000714109260576,
                0.7140728391445785,
                725.0000000000001,
                0.0,
                0.0,
                0.0,
                1.0
            ],
            "fov": 20.0,
            "aspect": 1
        },
        {
            "camera_to_world": [
                0.8660254037844388,
                0.3570364195722891,
                -0.3500357054630285,
                -374.99999999999983,
                -0.49999999999999967,
                0.6184052188516843,
                -0.6062796263251806,
                -649.5190528383292,
                0.0,
                0.7000714109260575,
                0.7140728391445785,
                725.0000000000001,
                0.0,
                0.0,
                0.0,
                1.0
            ],
            "fov": 20.0,
            "aspect": 1
        },
        {
            "camera_to_world": [
                0.7071067811865477,
                0.5049257468202621,
                -0.49502524198064923,
                -530.3300858899107,
                -0.7071067811865475,
                0.5049257468202624,
                -0.49502524198064934,
                -530.3300858899108,
                0.0,
                0.7000714109260575,
                0.7140728391445785,
                725.0000000000001,
                0.0,
                0.0,
                0.0,
                1.0
            ],
            "fov": 20.0,
            "aspect": 1
        },
        {
            "camera_to_world": [
                0.5,
                0.6184052188516842,
                -0.6062796263251805,
                -649.519052838329,
                -0.8660254037844386,
                0.3570364195722893,
                -0.3500357054630287,
                -375.0,
                0.0,
                0.7000714109260574,
                0.7140728391445786,
                725.0000000000001,
                0.0,
                0.0,
                0.0,
                1.0
            ],
            "fov": 20.0,
            "aspect": 1
        },
        {
            "camera_to_world": [
                0.25881904510252096,
                0.689741397181308,
                -0.6762170560601058,
                -724.4443697168014,
                -0.9659258262890683,
                0.18481565036104586,
                -0.18119181407945675,
                -194.11428382689078,
                0.0,
                0.7000714109260575,
                0.7140728391445785,
                725.0000000000001,
                0.0,
                0.0,
                0.0,
                1.0
            ],
            "fov": 20.0,
            "aspect": 1
        },
        {
            "camera_to_world": [
                1.224646799147353e-16,
                0.7140728391445786,
                -0.7000714109260575,
                -750.0000000000001,
                -1.0,
                8.74487016816471e-17,
                -8.573402125651676e-17,
                -9.18485099360515e-14,
                0.0,
                0.7000714109260575,
                0.7140728391445786,
                725.0000000000001,
                0.0,
                0.0,
                0.0,
                1.0
            ],
            "fov": 20.0,
            "aspect": 1
        },
        {
            "camera_to_world": [
                -0.25881904510252085,
                0.689741397181308,
                -0.6762170560601058,
                -724.4443697168014,
                -0.9659258262890683,
                -0.18481565036104577,
                0.18119181407945664,
                194.11428382689067,
                0.0,
                0.7000714109260574,
                0.7140728391445785,
                725.0000000000001,
                0.0,
                0.0,
                0.0,
                1.0
            ],
            "fov": 20.0,
            "aspect": 1
        },
        {
            "camera_to_world": [
                -0.49999999999999967,
                0.6184052188516843,
                -0.6062796263251807,
                -649.5190528383292,
                -0.8660254037844388,
                -0.3570364195722891,
                0.35003570546302853,
                374.99999999999983,
                0.0,
                0.7000714109260575,
                0.7140728391445786,
                725.0000000000001,
                0.0,
                0.0,
                0.0,
                1.0
            ],
            "fov": 20.0,
            "aspect": 1
        },
        {
            "camera_to_world": [
                -0.707106781186547,
                0.5049257468202626,
                -0.49502524198064957,
                -530.3300858899111,
                -0.7071067811865479,
                -0.504925746820262,
                0.4950252419806489,
                530.3300858899104,
                0.0,
                0.7000714109260574,
                0.7140728391445785,
                725.0000000000001,
                0.0,
                0.0,
                0.0,
                1.0
            ],
            "fov": 20.0,
            "aspect": 1
        },
        {
            "camera_to_world": [
                -0.8660254037844384,
                0.3570364195722897,
                -0.350035705463029,
                -375.0000000000003,
                -0.5000000000000004,
                -0.6184052188516841,
                0.6062796263251803,
                649.5190528383288,
                0.0,
                0.7000714109260574,
                0.7140728391445786,
                725.0000000000001,
                0.0,
                0.0,
                0.0,
                1.0
            ],
            "fov": 20.0,
            "aspect": 1
        },
        {
            "camera_to_world": [
                -0.9659258262890683,
                0.1848156503610457,
                -0.18119181407945653,
                -194.11428382689056,
                -0.2588190451025207,
                -0.6897413971813081,
                0.6762170560601058,
                724.4443697168014,
                0.0,
                0.7000714109260575,
                0.7140728391445785,
                725.0000000000001,
                0.0,
                0.0,
                0.0,
                1.0
            ],
            "fov": 20.0,
            "aspect": 1
        },
        {
            "camera_to_world": [
                -1.0,
                1.3117305252247067e-16,
                -1.2860103188477517e-16,
                -1.3777276490407727e-13,
                -1.83697019872103e-16,
                -0.7140728391445786,
                0.7000714109260575,
                750.0000000000001,
                0.0,
                0.7000714109260575,
                0.7140728391445786,
                725.0000000000001,
                0.0,
                0.0,
                0.0,
                1.0
            ],
            "fov": 20.0,
            "aspect": 1
        },
        {
            "camera_to_world": [
                -0.9659258262890684,
                -0.18481565036104539,
                0.1811918140794563,
                194.1142838268903,
                0.2588190451025203,
                -0.6897413971813081,
                0.6762170560601061,
                724.4443697168016,
                0.0,
                0.7000714109260575,
                0.7140728391445785,
                725.0000000000001,
                0.0,
                0.0,
                0.0,
                1.0
            ],
            "fov": 20.0,
            "aspect": 1
        },
        {
            "camera_to_world": [
                -0.8660254037844386,
                -0.35703641957228943,
                0.35003570546302876,
                375.00000000000006,
                0.5000000000000001,
                -0.6184052188516843,
                0.6062796263251804,
                649.5190528383289,
                0.0,
                0.7000714109260574,
                0.7140728391445786,
                725.0000000000001,
                0.0,
                0.0,
                0.0,
                1.0
            ],
            "fov": 20.0,
            "aspect": 1
        },
        {
            "camera_to_world": [
                -0.7071067811865477,
                -0.5049257468202621,
                0.49502524198064923,
                530.3300858899106,
                0.7071067811865474,
                -0.5049257468202625,
                0.49502524198064946,
                530.3300858899108,
                0.0,
                0.7000714109260575,
                0.7140728391445786,
                725.0000000000001,
                0.0,
                0.0,
                0.0,
                1.0
            ],
            "fov": 20.0,
            "aspect": 1
        },
        {
            "camera_to_world": [
                -0.5000000000000004,
                -0.6184052188516841,
                0.6062796263251803,
                649.5190528383288,
                0.8660254037844384,
                -0.3570364195722897,
                0.350035705463029,
                375.0000000000003,
                0.0,
                0.7000714109260574,
                0.7140728391445786,
                725.0000000000001,
                0.0,
                0.0,
                0.0,
                1.0
            ],
            "fov": 20.0,
            "aspect": 1
        },
        {
            "camera_to_world": [
                -0.25881904510252157,
                -0.6897413971813078,
                0.6762170560601057,
                724.4443697168012,
                0.9659258262890681,
                -0.1848156503610463,
                0.18119181407945717,
                194.11428382689124,
                0.0,
                0.7000714109260575,
                0.7140728391445785,
                725.0000000000001,
                0.0,
                0.0,
                0.0,
                1.0
            ],
            "fov": 20.0,
            "aspect": 1
        }
    ]
}